49016
49032
49060
49076
49104
49284
49311
49330
49357
49439
49470
49485
49509
49530
49560
49577
49605
49679
49704
49722
49749
49758
49797
49807
49964
49986
50015
50029
50059
50081
50109
50123
50156
50217
50249
50267
50294
50308
50341
50354
50377
50410
50433
50441
50469
50486
50514
50527
50552
50584
50618
50619
50655
50678
50697
50711
50832
50863
50877
50891
50925
50946
50969
50970
51008
51090
51117
51132
51159
51174
51202
51211
51241
51268
51288
51307
51336
51346
51372
51390
51423
51444
51469
51488
51512
51531
51558
51575
51709
51722
51761
51768
51797
51824
51848
51852
51883
51903
51937
52076
52102
52122
52158
52155
52192
52212
52241
52247
52283
52300
52326
52342
52364
52396
52424
52431
52454
52474
52508
52521
52656
52679
52702
52713
52729
52758
52791
52799
52828
52910
52945
52943
52977
52999
53020
53034
53054
53087
53113
53125
53159
53178
53208
53210
53241
53260
53291
53299
53329
53346
53389
53382
53525
53550
53575
53585
53616
53638
53663
53680
53706
53730
53766
53763
53801
53817
53844
53854
53903
53901
53938
53944
53972
53980
54010
54026
54062
54084
54111
54122
54155
54169
54196
54204
54349
54362
54389
54399
54434
54444
54482
54491
54528
54549
54570
54590
54627
54640
54670
54677
54698
54725
54751
54767
54800
54812
54838
54838
54883
54905
54928
54940
54975
54986
55013
55031
55170
55190
55211
55224
55259
55271
55299
55308
55348
55375
55407
55411
55439
55448
55484
55494
55526
55547
55568
55578
55612
55627
55652
55670
55697
55724
55748
55764
55791
55806
55835
55841
55978
56007
56034
56043
56072
56081
56109
56126
56159
56247
56266
56275
56311
56323
56359
56369
56399
56414
56432
56453
56484
56493
56535
56536
56576
56586
56621
56636
56654
56679
56706
56716
56857
56871
56902
56912
56939
56963
56989
56996
57029
57058
57083
57087
57118
57144
57172
57188
57214
57235
57265
57270
57292
57321
57347
57346
57381
57402
57439
57444
57479
57490
57517
57527
57668
57689
57713
57730
57759
57776
57790
57812
57841
57874
57901
57908
57939
57958
57984
58003
58032
58046
58087
58086
58110
58133
58151
58179
58205
58226
58260
58252
58299
58303
58339
58345
58488
58510
58532
58553
58580
58586
58620
58631
58664
58697
58716
58728
58750
58776
58803
58811
58845
58863
58887
58900
58930
58942
58982
58994
59022
59039
59065
59071
59110
59126
59155
59161
59301
59324
59345
59358
59393
59403
59436
59448
59471
59514
59538
59544
59576
59592
59621
59635
59661
59675
59715
59725
59753
59758
59791
59811
59837
59863
59889
59904
59930
59950
59976
59989
60124
60141
60166
60183
60213
60228
60257
60268
60295
60327
60344
60362
60388
60410
60442
60447
60483
60499
60521
60533
60565
60579
60607
60621
60646
60673
60704
60713
60745
60757
60778
60803
60940
60960
60982
60996
61024
61035
61073
61073
61106
61147
61169
61182
61211
61225
61254
61273
61301
61319
61347
61360
61379
61403
61426
61436
61466
61489
61522
61525
61555
61571
61607
61609
61750
61772
61792
61809
61837
61858
61885
61905
61932
61953
61978
61999
62024
62038
62066
62079
62110
62133
62158
62164
62199
62216
62244
62257
62285
62317
62341
62347
62374
62397
62423
62430
62568
62593
62621
62629
62657
62678
62701
62708
62749
62832
62854
62876
62901
62917
62951
62957
62982
63006
63032
63047
63076
63075
63110
63118
63156
63180
63208
63228
63243
63268
63295
63305
63439
63460
63493
63504
63532
63552
63578
63593
63622
63645
63669
63675
63703
63723
63752
63765
63797
63821
63846
63855
63883
63899
63933
63942
63977
63997
64021
64030
64062
64074
64106
64115
64258
64282
64307
64310
64345
64359
64397
64403
64424
64459
64487
64487
64534
64554
64580
64584
64611
64631
64668
64674
64701
64719
64751
64760
64779
64819
64841
64851
64880
64891
64927
64929
65075
65081
65124
65131
65159
65176
65208
65219
65245
65270
65304
65320
65341
65354
65386
65392
65424
65449
65481
65487
65513
65531
65567
65577
65601
65628
65650
65662
65689
65699
65739
65756
65886
65910
65942
65940
65979
65982
66024
66032
66059
66093
66122
66136
66161
66180
66200
66220
66250
66266
66295
66309
66331
66355
66389
66392
66421
66451
66470
66482
66509
66526
66561
66578
66706
66732
66752
66766
66790
66812
66838
66850
66881
66898
66929
66939
66972
66982
67022
67032
67061
67076
67114
67123
67144
67174
67194
67204
67238
67251
67287
67287
67322
67336
67368
67379
67516
67535
67568
67566
67603
67616
67651
67664
67693
67724
67752
67768
67796
67800
67833
67848
67871
67888
67923
67937
67963
67983
68005
68018
68055
68070
68100
68105
68146
68158
68185
68190
68333
68360
68391
68393
68429
68444
68465
68484
68505
68530
68565
68568
68600
68612
68647
68655
68697
68713
68734
68744
68778
68794
68824
68832
68859
68882
68910
68920
68956
68963
68997
69013
69146
69157
69201
69204
69229
69257
69275
69294
69322
69348
69385
69400
69426
69442
69471
69471
69510
69525
69556
69571
69600
69618
69641
69649
69689
69698
69741
69747
69772
69791
69817
69833
69969
69991
70025
70021
70052
70070
70097
70120
70146
70165
70192
70209
70228
70253
70276
70299
70323
70336
70368
70383
70410
70421
70461
70455
70500
70519
70548
70561
70589
70596
70634
70647
70785
70804
70825
70838
70875
70884
70908
70923
70955
70977
71007
71028
71050
71069
71098
71114
71138
71159
71192
71199
71227
71248
71278
71277
71314
71341
71357
71371
71407
71425
71444
71458
71601
71611
71639
71656
71686
71694
71735
71750
71778
71797
71822
71831
71867
71884
71906
71927
71950
71973
71995
72011
72045
72048
72084
72094
72119
72148
72169
72191
72215
72235
72259
72263
72408
72429
72452
72471
72491
72511
72541
72556
72586
72616
72640
72655
72682
72705
72731
72733
72767
72785
72816
72829
72864
72868
72905
72908
72944
72963
73002
73002
73033
73049
73087
73086
73236
73263
73286
73298
73318
73339
73369
73385
73406
73430
73468
73471
73506
73523
73565
73562
73584
73613
73645
73662
73677
73703
73723
73736
73757
73786
73817
73820
73854
73871
73904
73903
74046
74068
74104
74110
74137
74160
74185
74186
74229
74255
74284
74294
74314
74332
74372
74369
74409
74429
74456
74466
74497
74505
74540
74548
74584
74603
74628
74638
74677
74689
74719
74729
74850
74868
74905
74914
74946
74963
74985
74993
75025
75056
75083
75095
75116
75143
75170
75195
75221
75237
75277
75286
75314
75331
75354
75375
75398
75414
75446
75458
75479
75506
75538
75540
75688
75705
75729
75736
75766
75788
75813
75823
75852
75946
75970
75980
76012
76031
76058
76059
76093
76115
76149
76158
76187
76199
76234
76241
76273
76296
76326
76332
76359
76387
76413
76416
76562
76574
76607
76623
76639
76658
76690
76702
76731
76761
76784
76806
76827
76840
76881
76885
76913
76922
76960
76973
77003
77010
77045
77047
77081
77113
77142
77150
77175
77193
77216
77229
77366
77396
77423
77422
77452
77472
77502
77514
77543
77572
77594
77616
77646
77653
77696
77698
77722
77741
77773
77786
77820
77830
77853
77864
77910
77920
77957
77956
77988
78006
78037
78051
78180
78205
78243
78244
78275
78293
78318
78332
78353
78387
78418
78424
78439
78472
78502
78510
78537
78549
78586
78600
78630
78641
78668
78677
78710
78726
78771
78765
78800
78817
78836
78853
78991
79017
79047
79053
79087
79110
79128
79145
79165
79198
79235
79244
79267
79285
79317
79323
79347
79374
79411
79413
79442
79468
79491
79496
79527
79552
79580
79590
79618
79633
79666
79679
79827
79846
79874
79896
79905
79933
79963
79979
80003
80022
80051
80072
80090
80111
80137
80149
80172
80187
80221
80233
80267
80273
80315
80319
80357
80373
80404
80416
80439
80458
80494
80494
80640
80657
80693
80688
80723
80742
80766
80780
80813
80839
80873
80881
80907
80929
80958
80966
80995
81014
81039
81041
81088
81094
81126
81133
81168
81190
81224
81221
81258
81275
81303
81311
81464
81486
81497
81517
81545
81566
81605
81604
81634
81660
81691
81701
81732
81743
81782
81793
81808
81840
81862
81865
81912
81916
81951
81960
81991
82012
82037
82048
82082
82092
82131
82140
82277
82294
82326
82329
82363
82381
82403
82419
82444
82480
82510
82530
82556
82569
82595
82606
82636
82662
82696
82698
82729
82749
82763
82784
82811
82841
82861
82872
82906
82918
82951
82956
83097
83116
83141
83151
83191
83203
83229
83243
83274
83292
83323
83331
83362
83374
83412
83419
83455
83471
83501
83510
83534
83553
83577
83602
83627
83647
83673
83682
83711
83723
83767
83767
83903
83927
83956
83968
83988
84011
84038
84048
84080
84104
84142
84147
84181
84199
84230
84232
84270
84282
84314
84328
84356
84365
84393
84408
84442
84464
84487
84501
84535
84545
84584
84582
84702
84726
84747
84764
84794
84791
84839
84837
84876
84910
84929
84942
84970
84988
85012
85025
85057
85072
85105
85111
85144
85153
85187
85194
85231
85249
85277
85281
85321
85342
85364
85370
85539
85559
85579
85602
85618
85631
85674
85671
85705
85746
85766
85789
85814
85827
85850
85862
85895
85914
85934
85953
85983
86000
86031
86034
86070
86085
86120
86131
86164
86180
86198
86212
86355
86369
86406
86411
86445
86457
86484
86493
86523
86550
86591
86594
86620
86641
86668
86668
86704
86729
86748
86755
86794
86804
86836
86842
86878
86906
86932
86940
86967
86985
87024
87029
87156
87177
87201
87215
87237
87255
87293
87299
87331
87355
87389
87396
87433
87437
87464
87480
87512
87528
87556
87571
87597
87613
87639
87652
87683
87709
87737
87744
87771
87793
87820
87827
87962
87981
88004
88017
