77314
81754
88378
96285
105805
117657
130895
146283
163568
182886
204649
229486
256476
284884
317282
352876
390163
430484
474241
520877
570968
624086
680962
745610
808793
877497
948720
1022884
1102159
1184936
1270018
1362777
1458563
1558133
1662880
1771392
1884295
2003722
2126714
2262952
2395991
2533469
2677437
2825640
2980234
3138654
3301994
3472337
3650970
3833835
4021855
4216810
4414975
4622272
4834220
5064190
5289395
5521974
5760669
6006942
6259754
6515924
6763481
7054853
7338437
7625025
7919603
8221780
8532714
8850254
9174784
9530283
9873400
10223827
10579051
10942680
11314581
11697496
12083168
12488545
12898801
13313996
13737719
14170388
14614745
15068349
15525535
16021984
16501644
16990353
17488698
17999556
18519821
19044700
19568750
20131519
20691358
21256261
21837589
