49232
49269
49306
49343
49380
49417
49454
49491
49528
49580
49617
49654
49691
49728
49765
49802
49839
49876
49913
49950
49987
50024
50061
50091
50238
50275
50312
50349
50386
50423
50460
50497
50534
50571
50608
50645
50682
50719
50756
50793
50830
50867
50904
50941
50978
51015
51052
51089
51126
51163
51200
51237
51274
51311
51348
51385
51532
51569
51606
51643
51680
51717
51754
51791
51828
51865
51902
51939
51976
52013
52050
52087
52124
52161
52198
52235
52272
52309
52346
52383
52420
52457
52494
52531
52568
52605
52642
52679
52826
52863
52900
52937
52974
53011
53048
53085
53122
53159
53196
53248
53285
53322
53359
53396
53433
53470
53507
53544
53581
53618
53655
53692
53729
53766
53803
53840
53877
53914
53951
53988
54135
54172
54209
54246
54283
54320
54357
54394
54431
54468
54505
54542
54579
54616
54653
54690
54727
54764
54801
54838
54875
54912
54949
54986
55023
55060
55097
55134
55171
55208
55245
55282
55429
55466
55503
55540
55577
55614
55651
55688
55725
55762
55799
55836
55873
55910
55947
55984
56021
56058
56095
56132
56169
56206
56243
56280
56317
56354
56391
56428
56465
56502
56539
56576
56723
56760
56797
56834
56871
56908
56945
56982
57019
57056
57093
57130
57167
57204
57241
57278
57315
57352
57389
57426
57463
57500
57537
57574
57611
57648
57685
57722
57759
57796
57833
57870
58017
58054
58091
58128
58165
58202
58239
58276
58313
58350
58387
58424
58461
58498
58535
58572
58609
58646
58683
58720
58757
58794
58831
58868
58905
58942
58979
59016
59053
59090
59127
59164
59311
59348
59385
59422
59459
59496
59533
59570
59607
59644
59681
59718
59755
59792
59829
59866
59903
59940
59977
60014
60051
60088
60125
60162
60199
60236
60273
60310
60347
60384
60421
60458
60605
60642
60679
60716
60753
60790
60827
60864
60901
60938
60975
61012
61049
61086
61123
61160
61197
61234
61271
61308
61345
61382
61419
61456
61493
61530
61567
61604
61641
61678
61715
61752
61899
61936
61973
62010
62047
62084
62121
62158
62195
62232
62269
62306
62343
62380
62417
62454
62491
62528
62565
62602
62639
62676
62713
62750
62787
62824
62861
62898
62935
62972
63009
63046
63193
63230
63267
63304
63341
63378
63415
63452
63489
63526
63563
63600
63637
63674
63711
63748
63785
63822
63859
63896
63933
63970
64007
64044
64081
64118
64155
64192
64229
64266
64303
64340
64487
64524
64561
64598
64635
64672
64709
64746
64783
64820
64857
64894
64931
64968
65005
65042
65079
65116
65153
65190
65227
65264
65301
65338
65375
65412
65449
65486
65523
65560
65597
65634
65781
65818
65855
65892
65929
65966
66003
66040
66077
66114
66151
66188
66225
66262
66299
66336
66373
66410
66447
66484
66521
66558
66595
66632
66669
66706
66743
66780
66817
66854
66891
66928
67075
67112
67149
67186
67223
67260
67297
67334
67371
67408
67445
67482
67519
67556
67593
67630
67667
67704
67741
67778
67815
67852
67889
67926
67963
68000
68037
68074
68111
68148
68185
68222
68369
68406
68443
68480
68517
68554
68591
68628
68665
68702
68739
68776
68813
68850
68887
68924
68965
69002
69039
69076
69113
69150
69187
69224
69261
69298
69335
69372
69409
69446
69483
69520
69667
69704
69741
69778
69815
69852
69889
69926
69963
70000
70037
70074
70111
70148
70185
70222
70259
70296
70333
70370
70407
70444
70481
70518
70555
70592
70629
70666
70703
70740
70777
70814
70961
70998
71035
71072
71109
71146
71183
71220
71257
71294
71331
71368
71405
71442
71479
71516
71553
71590
71627
71664
71701
71738
71775
71812
71849
71886
71923
71960
71997
72034
72071
72108
72255
72292
72329
72366
72403
72440
72477
72514
72551
72588
72625
72662
72699
72736
72773
72810
72847
72884
72921
72958
72995
73032
73069
73106
73143
73180
73217
73254
73291
73328
73365
73402
73549
73586
73623
73660
73697
73734
73771
73808
73845
73882
73919
73956
73993
74030
74067
74104
74141
74178
74215
74252
74289
74326
74363
74400
74437
74474
74511
74548
74585
74622
74659
74696
74843
74880
74917
74954
74991
75028
75065
75102
75139
75176
75213
75250
75287
75324
75361
75398
75435
75472
75509
75546
75583
75620
75657
75694
75731
75768
75805
75842
75879
75916
75953
75990
76137
76174
76211
76248
76285
76322
76359
76396
76433
76470
76507
76544
76581
76618
76655
76692
76729
76766
76803
76840
76877
76914
76951
76988
77025
77062
77099
77136
77173
77210
77247
77284
77431
77468
77505
77542
77579
77616
77653
77690
77727
77764
77801
77838
77875
77912
77949
77986
78023
78060
78097
78134
78171
78208
78245
78282
78319
78356
78393
78430
78467
78504
78541
78578
78725
78762
78799
78836
78873
78910
78947
78984
79021
79058
79095
79132
79169
79206
79243
79280
79317
79354
79391
79428
79465
79502
79539
79576
79613
79650
79687
79724
79761
79798
79835
79872
80019
80056
80093
80130
80167
80204
80241
80278
80315
80352
80389
80426
80463
80500
80537
80574
80611
80648
80685
80722
80759
80796
80833
80870
80907
80944
80981
81018
81055
81092
81129
81166
81323
81360
81397
81434
81471
81508
81545
81582
81619
81656
81693
81730
81767
81804
81841
81878
81915
81952
81989
82026
82063
82100
82137
82174
82211
82248
82285
82322
82359
82396
82433
82470
82607
82644
82681
82718
82755
82792
82829
82866
82903
82940
82977
83014
83051
83088
83125
83162
83199
83236
83273
83310
83347
83384
83421
83458
83495
83532
83569
83606
83643
83680
83717
83754
83901
83938
83975
84012
84049
84086
84123
84160
84197
84234
84271
84308
84345
84382
84419
84456
84493
84530
84567
84604
84641
84678
84715
84752
84789
84826
84863
84900
84937
84974
85011
85048
85195
85232
85269
85306
85343
85380
85417
85454
85491
85528
85565
85602
85639
85676
85713
85750
85787
85824
85861
85898
85935
85972
86009
86046
86083
86120
86157
86194
86231
86268
86305
86342
86489
86526
86563
86600
86637
86674
86711
86748
86785
86822
86859
86896
86933
86970
87007
87044
87081
87118
87155
87192
87229
87266
87303
87340
87377
87414
87451
87488
87525
87562
87599
87636
87793
87830
87867
87904
87941
87978
88015
88052
88089
88126
88163
88200
88237
88274
88311
88348
88385
88422
88459
88496
88533
88570
88607
88644
88681
88718
88755
88792
88829
88866
88903
88940
89087
89124
89161
89198
89235
89272
89309
89346
89383
89420
89457
89494
89531
89568
89605
89657
89694
89731
89768
89805
89842
89879
89916
89953
89990
90027
90064
90101
90138
90175
90212
90249
90386
90423
90460
90497
90534
90571
90608
90645
90682
90719
90756
90793
90830
90867
90904
90941
90978
91015
91052
91089
91126
91163
91200
91237
91274
91311
91348
91385
91422
91459
91496
91533
91680
91717
91754
91791
91828
91865
91902
91939
91976
92013
92050
92087
92124
92161
92198
92235
92272
92309
92346
92383
92420
92457
92494
92531
92568
92605
92642
92679
92716
92753
92790
92827
92984
93021
93058
93095
93132
93169
93206
93243
93280
93317
93354
93391
93428
93465
93502
93539
93576
93613
93650
93687
93724
93761
93798
93835
93872
93909
93946
93983
94020
94057
94094
94131
94268
94305
94342
94379
94416
94453
94490
94527
94564
94601
94638
94675
94712
94749
94786
94823
94860
94897
94934
94971
95008
95045
95082
95119
95156
95193
95230
95267
95304
95341
95378
95415
95562
95599
95636
95673
95710
95747
95784
95821
95858
95895
95932
95969
96006
96043
96080
96117
96154
96191
96228
96265
96302
96339
96376
96413
96450
96487
96524
96561
96598
96635
96672
96709
96856
96893
96930
96967
97004
97041
97078
97115
97152
97189
97226
97263
97300
97337
97374
97411
97448
97485
97522
97559
97596
97633
97670
97707
97744
97781
97818
97855
97892
97929
97966
98003
98150
98187
98224
98261
98298
98335
98372
98409
98446
98483
98520
98557
98594
98631
98668
98705
98742
98779
98816
98853
98890
98927
98964
99001
99038
99075
99112
99149
99186
99223
99260
99297
99444
99481
99518
99555
99592
99629
99666
99703
99740
99777
99814
99851
99888
99925
99962
99999
100036
100073
100110
100147
100184
100221
100258
100295
100332
100369
100406
100443
100480
100517
100554
100591
100738
100775
100812
100849
100886
100923
100960
100997
101034
101071
101108
101145
101182
101219
101256
101293
101330
101367
101404
101441
101478
101515
101552
101589
101626
101663
101700
101737
101774
101811
101848
101885
102032
102069
102106
102143
102180
102217
102254
102291
102328
102365
102402
102439
102476
102513
102550
102587
102624
102661
102698
102735
102772
102809
102846
102883
102920
102957
102994
103031
103068
103105
103142
103179
103326
103363
103400
103437
103474
103511
103548
103585
103622
103659
103696
103733
103770
103807
103844
103881
103918
103955
103992
104029
104066
104103
104140
104177
104214
104251
104288
104325
104362
104399
104436
104473
104620
104657
104694
104731
104768
104805
104842
104879
104916
104953
104990
105027
105064
105101
105138
105175
105212
105249
105286
105323
105360
105397
105434
105471
105508
105545
105582
105619
105656
105693
105730
105767
105914
105951
105988
106025
106062
106099
106136
106173
106210
106247
106284
106321
106358
106395
106432
106469
106506
106543
106580
106617
106654
106691
106728
106765
106802
106839
106876
106913
106950
106987
107024
107061
107208
107245
107282
107319
107356
107393
107430
107467
107504
107541
107578
107615
107652
107689
107726
107763
107800
107837
107874
107911
107948
107985
108022
108059
108096
108133
108170
108207
108244
108281
108318
108355
108502
108539
108576
108613
108650
108687
108724
108761
108798
108835
108872
108909
108946
108983
109020
109057
109094
109131
109168
109205
109242
109279
109316
109353
109390
109427
109464
109501
109538
109575
109612
109649
109796
109833
109870
109907
