80482
84918
91431
99652
109679
121309
135406
151116
169666
189772
212415
237189
265854
296225
328463
364852
403749
445502
490507
539055
589788
644592
703417
769339
834990
903956
976121
1053770
1134858
1219567
1308718
1402156
1500173
1602547
1709636
1819196
1937543
2058005
2183662
2321027
2457941
2597495
2743535
2897439
3053902
3215906
3385325
3559009
3738436
3924253
4116957
4312947
4518295
4729057
4943405
5179496
5407520
5643073
5885809
6136354
6392991
6656017
6925119
7202617
7488228
7781124
8081573
8387582
8702559
9024740
9353436
9713752
10061671
10415246
10780010
11148179
11526937
11913351
12308466
12714904
13129067
13549784
13981281
14420399
14870266
15327650
15791337
16295030
16777273
17272297
17780903
18293953
18822482
19355091
19900770
20457073
21020004
21592413
22178700
