78496
83698
90315
98508
108569
120133
133317
147954
164625
182298
202303
223236
246347
270865
297035
323496
352372
383708
417123
450522
486350
523300
562133
608349
650543
692939
741046
789503
838083
889726
943673
992483
1047887
1104012
1161314
1223688
1286180
1346945
1411294
1487970
1559406
1628451
1699132
1775525
1848074
1926966
1996252
2079128
2165201
2242588
2324891
2412147
2507255
2597262
2691466
2782475
2880454
2971725
3070471
3171319
3272122
3377192
3502106
3603737
3707662
3806838
3920057
4028284
4145041
4263211
4380300
4512752
4629604
4744733
4885638
5005048
5139613
5267916
5407091
5534694
5659666
5793918
5923503
6056560
6197104
6362219
6497860
6667250
6803857
6961234
7118810
7280330
7425860
7579242
7717582
7868333
8035527
8203559
8368579
