50505
50678
50708
50770
50803
50873
50891
50916
50946
51034
51069
51089
51114
51125
51161
51172
51194
51272
51307
51323
51348
51364
51393
51410
51441
51468
51495
51509
51540
51556
51581
51597
51817
51777
51918
51820
51962
51870
52006
51903
52153
52068
52209
52106
52248
52159
52290
52194
52346
52249
52403
52293
52434
52337
52483
52370
52520
52427
52567
52467
52615
52503
52655
52549
52690
52762
52898
52703
52833
52850
52993
52780
53038
53048
53193
52980
53113
53135
53274
53065
53211
53229
53366
53158
53297
53315
53451
53242
53375
53401
53546
53332
53475
53495
53627
53415
53544
53585
53723
53748
53892
53797
53931
53722
53980
54108
54242
54034
54173
54082
54218
54000
54148
54288
54416
54215
54351
54258
54396
54185
54331
54446
54590
54377
54524
54428
54568
54352
54500
54687
54819
54618
54763
54779
54912
54705
54961
54978
55111
54903
55046
54957
55090
54884
55016
55151
55295
55081
55218
55239
55375
55169
55306
55319
55463
55245
55401
55294
55428
55234
55366
55507
55652
55441
55572
55591
55729
55525
55773
55784
55917
55715
55858
55766
55898
55692
55837
55973
56099
55902
56036
56050
56191
55983
56127
56142
56279
56069
56210
56109
56262
56043
56181
56436
56577
56367
56506
56416
56551
56342
56592
56614
56743
56540
56679
56589
56719
56517
56655
56921
57049
56827
56957
56867
57010
56820
56956
56961
57086
56904
57020
56939
57071
56866
57001
57287
57409
57185
57329
57224
57360
57166
57403
57439
57579
57366
57491
57410
57530
57325
57460
57742
57870
57642
57778
57673
57816
57638
57761
57786
57921
57715
57835
57753
57879
57680
57822
58128
58283
58039
58198
58096
58248
58031
58283
58410
58563
58328
58487
58383
58526
58304
58452
58578
58719
58511
58657
58555
58697
58487
58627
58647
58777
58570
58712
58617
58750
58548
58684
58934
59078
58864
59005
58895
59054
58837
59081
59220
59353
59158
59291
59192
59330
59122
59279
59405
59533
59327
59467
59372
59508
59317
59437
59455
59608
59398
59540
59433
59581
59355
59506
59762
59899
59679
59833
59728
59883
59659
59916
60035
60185
59965
60111
60010
60147
59939
60081
60206
60354
60139
60280
60189
60324
60120
60252
60271
60405
60210
60345
60242
60393
60168
60319
60581
60723
60490
60641
60552
60698
60471
60721
60842
61001
60779
60932
60824
60970
60751
60893
61039
61174
60970
61090
61003
61140
60928
61063
61083
61231
61011
61153
61046
61193
60979
61130
61498
61641
61425
61565
61479
61607
61404
61652
61673
61809
61600
61739
61641
61789
61569
61715
61846
61980
61775
61920
61826
61963
61753
61873
61901
62050
61848
61971
61878
62022
61805
61957
62312
62444
62240
62371
62287
62423
62218
62461
62483
62626
62417
62551
62452
62599
62375
62517
62669
62799
62590
62729
62645
62773
62560
62697
62718
62857
62656
62793
62696
62830
62631
62759
63129
63263
63061
63203
63097
63248
63033
63281
63305
63441
63230
63376
63275
63412
63201
63342
63474
63614
63411
63550
63438
63592
63376
63530
63540
63672
63463
63607
63508
63640
63450
63577
63941
64086
63870
64011
63913
64054
63846
63994
63995
64148
63932
64072
63970
64108
63908
64041
64182
64319
64112
64247
64158
64291
64073
64220
64244
64379
64172
64306
64212
64352
64140
64286
64700
64840
64639
64778
64681
64815
64612
64858
64871
65013
64809
64944
64853
64995
64783
64918
65171
65301
65095
65225
65148
65273
65063
65201
65227
65364
65155
65299
65197
65332
65135
65262
65508
65654
65451
65586
65488
65642
65414
65679
65686
65821
65621
65771
65663
65798
65590
65730
65867
66004
65790
65942
65836
65978
65771
65900
65924
66062
65859
65992
65896
66031
65820
65967
66341
66476
66262
66401
66305
66456
66238
66486
66508
66639
66435
66577
66480
66617
66406
66547
66796
66933
66725
66859
66767
66899
66694
66837
66850
66985
66793
66924
66823
66965
66759
66898
67145
67287
67079
67215
67108
67262
67045
67296
67314
67455
67240
67379
67288
67429
67226
67359
67491
67632
67423
67562
67466
67600
67394
67533
67546
67697
67487
67626
67515
67662
67456
67593
67960
68105
67901
68035
67950
68082
67869
68124
68136
68275
68071
68214
68120
68251
68032
68177
68430
68560
68344
68490
68400
68535
68325
68472
68484
68630
68411
68550
68460
68591
68385
68528
68773
68913
68705
68842
68747
68883
68684
68930
68951
69086
68878
69024
68937
69060
68844
69131
69260
69402
69189
69330
69244
69376
69168
69299
69330
69472
69256
69396
69297
69446
69229
69363
69740
69874
69667
69810
69709
69844
69633
69886
69910
70048
69842
69982
69876
70025
69801
69950
70197
70327
70116
70260
70168
70307
70096
70231
70257
70392
70180
70318
70226
70365
70167
70290
70549
70688
70473
70613
70522
70656
70447
70699
70711
70856
70641
70783
70694
70817
70613
70757
70888
71026
70811
70961
70863
71001
70798
70932
70954
71088
70878
71016
70923
71068
70856
70990
71485
71625
71418
71539
71448
71598
71376
71636
71658
71793
71588
71725
71619
71762
71559
71698
71826
71969
71762
71900
71800
71938
71741
71871
71890
72014
71816
71965
71857
72006
71788
71931
72177
72316
72106
72258
72155
72294
72084
72338
72357
72501
72291
72419
72325
72457
72259
72401
72521
72674
72456
72605
72505
72628
72429
72560
72593
72724
72524
72651
72570
72700
72500
72634
73113
73245
73048
73172
73083
73220
73010
73256
73280
73412
73213
73342
73253
73390
73176
73319
73456
73589
73384
73520
73425
73555
73362
73505
73514
73658
73439
73579
73488
73628
73430
73541
73811
73947
73738
73874
73777
73918
73708
73959
73979
74115
73910
74055
73947
74092
73896
74014
74162
74284
74086
74228
74127
74261
74068
74190
74219
74358
74154
74291
74213
74337
74124
74272
74728
74873
74668
74806
74714
74851
74639
74887
74904
75051
74850
74979
74882
75025
74807
74847
74980
75121
74914
75044
74943
75085
74879
75030
75029
75189
74965
75103
75006
75148
74946
75073
75325
75467
75264
75395
75298
75438
75239
75483
75496
75637
75428
75561
75472
75599
75411
75537
75679
75814
75608
75752
75652
75792
75575
75708
75730
75864
75668
75807
75707
75846
75646
75776
76256
76392
76184
76324
76234
76364
76150
76408
76426
76561
76360
76494
76399
76538
76329
76472
76608
76748
76526
76670
76583
76717
76502
76649
76664
76803
76591
76736
76639
76773
76563
76701
76957
77083
76881
77016
76920
77061
76869
77116
77136
77277
77065
77208
77110
77256
77043
77181
77318
77458
77248
77387
77280
77427
77223
77356
77382
77515
77299
77450
77337
77495
77276
77423
77956
78095
77896
78024
77945
78069
77856
78104
78139
78263
78063
78193
78102
78241
78030
78164
78321
78443
78238
78373
78281
78415
78213
78355
78385
78503
78295
78441
78346
78482
78266
78397
78784
78901
78696
78833
78731
78886
78668
78922
78937
79066
78859
79006
78911
79048
78841
78991
79121
79239
79046
79177
79088
79230
79014
79167
79176
79305
79105
79254
79150
79286
79072
79217
79575
79718
79503
79649
79551
79691
79487
79730
79754
79896
79676
79825
79728
79869
79659
79793
79924
80073
79851
79991
79895
80037
79832
79965
79987
80125
79916
80053
79963
80096
79897
80029
80279
80427
80209
80349
80257
80389
80182
80435
80443
80587
80378
80516
80426
80571
80363
80481
80619
80766
80564
80696
80611
80745
80527
80675
80693
80824
80605
80751
80665
80799
80594
80729
81203
81353
81145
81284
81184
81321
81118
81358
81385
81522
81315
81449
81359
81490
81283
81421
81555
81700
81489
81623
81527
81673
81461
81604
81616
81756
81545
81683
81598
81732
81525
81665
82017
82166
81954
82094
81990
82140
81937
82184
82199
82329
82151
82265
82198
82302
82093
82232
82359
82509
82292
82445
82341
82486
82276
82408
82427
82574
82359
82506
82406
82537
82345
82474
82856
82973
82772
82909
82813
82962
82739
83012
83010
83152
82948
83087
82992
83137
82917
83052
83184
83326
83133
83256
83181
83296
83086
83224
83273
83376
83178
83313
83218
83362
83151
83282
83559
83678
83460
83603
83511
83652
83445
83693
83718
83844
83644
83788
83687
83837
83610
83751
83905
84023
83810
83946
83857
83994
83782
83936
83941
84084
83875
84003
83923
84057
83846
83980
84469
84622
84410
84551
84459
84588
84388
84624
84656
84791
84583
84705
84625
84760
84550
84692
84843
84965
84746
84888
84785
84927
84727
84876
84886
85016
84810
84953
84853
84998
84786
84920
85281
85443
85215
85349
85254
85406
85186
85431
85455
85616
85373
85517
85421
85574
85359
85500
85653
85768
85569
85707
85619
85741
85551
85668
85710
85816
85629
85770
85678
85803
85584
85728
86106
86241
86029
86182
86069
86212
86004
86247
86280
86411
86201
86345
86247
86372
86165
86308
86451
86591
86371
86519
86418
86565
86344
86485
86502
86652
86439
86567
86471
86625
86408
86541
86799
86933
86733
86864
86766
86907
86694
86941
86973
87100
86900
87029
86949
87085
86879
87009
87149
87284
87079
87208
87121
87250
87047
87186
87208
87351
87145
87270
87174
87316
87107
87248
87723
87859
87658
87795
87702
87837
87632
87882
87897
88037
87824
87967
87869
88015
87807
87946
88077
88207
88009
88144
88047
88182
87973
88119
88129
88278
88072
88212
88112
88250
88034
88174
88543
88674
88472
88599
88513
88654
88428
88694
88703
88855
88641
88772
88687
88826
88613
88746
88879
89031
88812
88963
88857
88995
88785
88921
88954
89082
88883
89009
88924
89060
88849
88985
89354
89504
89277
89429
89331
89476
89251
89504
89522
89676
89447
89602
89487
89653
89437
89559
89699
89840
89627
89767
89673
89813
89599
89744
89761
89898
89691
