80946
86051
92934
101364
111997
123234
137993
152921
170171
188714
209011
230460
253901
278532
304467
333336
363296
393858
429823
465049
502787
542687
583101
631132
673919
719235
766194
815141
865902
915943
969542
1027900
1084285
1142931
1204434
1266484
1331307
1397462
1465660
1541446
1612982
1685435
1760309
1836037
1909110
1991156
2073129
2155380
2240402
2325844
2416965
2505639
2596771
2686399
2784485
2891547
2991001
3087979
3190835
3292821
3398484
3504657
3612904
3722522
3834558
3945424
4062019
4178400
4296353
4418084
4541333
4682405
4811580
4934803
5063776
5196272
5329777
5460042
5595904
5731288
5872407
6012372
6153849
6301839
6444672
6590344
6741965
6914791
7065504
7216540
7374717
7532415
7692029
7854478
8016054
8179690
8349311
8513692
8689089
