48547
48573
48599
48625
48651
48677
48703
48729
48755
48796
48822
48848
48874
48900
48926
48952
48978
49004
49030
49056
49082
49108
49134
49163
49319
49345
49371
49397
49423
49449
49475
49501
49527
49553
49579
49605
49631
49657
49683
49709
49735
49761
49787
49813
49839
49865
49891
49917
49943
49969
49995
50021
50047
50073
50099
50125
50241
50267
50293
50319
50345
50371
50397
50423
50449
50475
50501
50527
50553
50579
50605
50631
50657
50683
50709
50735
50761
50787
50813
50839
50865
50891
50917
50943
50969
50995
51021
51047
51183
51209
51235
51261
51287
51313
51339
51365
51391
51417
51443
51484
51510
51536
51562
51588
51614
51640
51666
51692
51718
51744
51770
51796
51822
51848
51874
51900
51926
51952
51978
52004
52140
52166
52192
52218
52244
52270
52296
52322
52348
52374
52400
52426
52452
52478
52504
52530
52556
52582
52608
52634
52660
52686
52712
52738
52764
52790
52816
52842
52868
52894
52920
52946
53082
53108
53134
53160
53186
53212
53238
53264
53290
53316
53342
53368
53394
53420
53446
53472
53498
53524
53550
53576
53602
53628
53654
53680
53706
53732
53758
53784
53810
53836
53862
53888
54024
54050
54076
54102
54128
54154
54180
54206
54232
54258
54284
54310
54336
54362
54388
54414
54440
54466
54492
54518
54544
54570
54596
54622
54648
54674
54700
54726
54752
54778
54804
54830
54966
54992
55018
55044
55070
55096
55122
55148
55174
55200
55226
55252
55278
55304
55330
55356
55382
55408
55434
55460
55486
55512
55538
55564
55590
55616
55642
55668
55694
55720
55746
55772
55908
55934
55960
55986
56012
56038
56064
56090
56116
56142
56168
56194
56220
56246
56272
56298
56324
56350
56376
56402
56428
56454
56480
56506
56532
56558
56584
56610
56636
56662
56688
56714
56850
56876
56902
56928
56954
56980
57006
57032
57058
57084
57110
57136
57162
57188
57214
57240
57266
57292
57318
57344
57370
57396
57422
57448
57474
57500
57526
57552
57578
57604
57630
57656
57792
57818
57844
57870
57896
57922
57948
57974
58000
58026
58052
58078
58104
58130
58156
58182
58208
58234
58260
58286
58312
58338
58364
58390
58416
58442
58468
58494
58520
58546
58572
58598
58734
58760
58786
58812
58838
58864
58890
58916
58942
58968
58994
59020
59046
59072
59098
59124
59150
59176
59202
59228
59254
59280
59306
59332
59358
59384
59410
59436
59462
59488
59514
59540
59676
59702
59728
59754
59780
59806
59832
59858
59884
59910
59936
59962
59988
60014
60040
60066
60092
60118
60144
60170
60196
60222
60248
60274
60300
60326
60352
60378
60404
60430
60456
60482
60618
60644
60670
60696
60722
60748
60774
60800
60826
60852
60878
60904
60930
60956
60982
61008
61034
61060
61086
61112
61138
61164
61190
61216
61242
61268
61294
61320
61346
61372
61398
61424
61560
61586
61612
61638
61664
61690
61716
61742
61768
61794
61820
61846
61872
61898
61924
61950
61976
62002
62028
62054
62080
62106
62132
62158
62184
62210
62236
62262
62288
62314
62340
62366
62502
62528
62554
62580
62606
62632
62658
62684
62710
62736
62762
62788
62814
62840
62866
62892
62922
62948
62974
63000
63026
63052
63078
63104
63130
63156
63182
63208
63234
63260
63286
63312
63448
63474
63500
63526
63552
63578
63604
63630
63656
63682
63708
63734
63760
63786
63812
63838
63864
63890
63916
63942
63968
63994
64020
64046
64072
64098
64124
64150
64176
64202
64228
64254
64390
64416
64442
64468
64494
64520
64546
64572
64598
64624
64650
64676
64702
64728
64754
64780
64806
64832
64858
64884
64910
64936
64962
64988
65014
65040
65066
65092
65118
65144
65170
65196
65332
65358
65384
65410
65436
65462
65488
65514
65540
65566
65592
65618
65644
65670
65696
65722
65748
65774
65800
65826
65852
65878
65904
65930
65956
65982
66008
66034
66060
66086
66112
66138
66274
66300
66326
66352
66378
66404
66430
66456
66482
66508
66534
66560
66586
66612
66638
66664
66690
66716
66742
66768
66794
66820
66846
66872
66898
66924
66950
66976
67002
67028
67054
67080
67216
67242
67268
67294
67320
67346
67372
67398
67424
67450
67476
67502
67528
67554
67580
67606
67632
67658
67684
67710
67736
67762
67788
67814
67840
67866
67892
67918
67944
67970
67996
68022
68158
68184
68210
68236
68262
68288
68314
68340
68366
68392
68418
68444
68470
68496
68522
68548
68574
68600
68626
68652
68678
68704
68730
68756
68782
68808
68834
68860
68886
68912
68938
68964
69100
69126
69152
69178
69204
69230
69256
69282
69308
69334
69360
69386
69412
69438
69464
69490
69516
69542
69568
69594
69620
69646
69672
69698
69724
69750
69776
69802
69828
69854
69880
69906
70042
70068
70094
70120
70146
70172
70198
70224
70250
70276
70302
70328
70354
70380
70406
70432
70458
70484
70510
70536
70562
70588
70614
70640
70666
70692
70718
70744
70770
70796
70822
70848
70984
71010
71036
71062
71088
71114
71140
71166
71192
71218
71244
71270
71296
71322
71348
71374
71400
71426
71452
71478
71504
71530
71556
71582
71608
71634
71660
71686
71712
71738
71764
71790
71926
71952
71978
72004
72030
72056
72082
72108
72134
72160
72186
72212
72238
72264
72290
72316
72342
72368
72394
72420
72446
72472
72498
72524
72550
72576
72602
72628
72654
72680
72706
72732
72878
72904
72930
72956
72982
73008
73034
73060
73086
73112
73138
73164
73190
73216
73242
73268
73294
73320
73346
73372
73398
73424
73450
73476
73502
73528
73554
73580
73606
73632
73658
73684
73820
73846
73872
73898
73924
73950
73976
74002
74028
74054
74080
74106
74132
74158
74184
74210
74236
74262
74288
74314
74340
74366
74392
74418
74444
74470
74496
74522
74548
74574
74600
74626
74762
74788
74814
74840
74866
74892
74918
74944
74970
74996
75022
75048
75074
75100
75126
75152
75178
75204
75230
75256
75282
75308
75334
75360
75386
75412
75438
75464
75490
75516
75542
75568
75694
75720
75746
75772
75798
75824
75850
75876
75902
75928
75954
75980
76006
76032
76058
76084
76110
76136
76162
76188
76214
76240
76266
76292
76318
76344
76370
76396
76422
76448
76474
76500
76636
76662
76688
76714
76740
76766
76792
76818
76844
76870
76896
76922
76948
76974
77000
77026
77052
77078
77104
77130
77156
77182
77208
77234
77260
77286
77312
77338
77364
77390
77416
77442
77578
77604
77630
77656
77682
77708
77734
77760
77786
77812
77838
77864
77890
77916
77942
77983
78009
78035
78061
78087
78113
78139
78165
78191
78217
78243
78269
78295
78321
78347
78373
78399
78535
78561
78587
78613
78639
78665
78691
78717
78743
78769
78795
78821
78847
78873
78899
78925
78951
78977
79003
79029
79055
79081
79107
79133
79159
79185
79211
79237
79263
79289
79315
79341
79477
79503
79529
79555
79581
79607
79633
79659
79685
79711
79737
79763
79789
79815
79841
79867
79893
79919
79945
79971
79997
80023
80049
80075
80101
80127
80153
80179
80205
80231
80257
80283
80419
80445
80471
80497
80523
80549
80575
80601
80627
80653
80679
80705
80731
80757
80783
80809
80835
80861
80887
80913
80939
80965
80991
81017
81043
81069
81095
81121
81147
81173
81199
81225
81361
81387
81413
81439
81465
81491
81517
81543
81569
81595
81621
81647
81673
81699
81725
81751
81777
81803
81829
81855
81881
81907
81933
81959
81985
82011
82037
82063
82089
82115
82141
82167
82303
82329
82355
82381
82407
82433
82459
82485
82511
82537
82563
82589
82615
82641
82667
82693
82719
82745
82771
82797
82823
82849
82875
82901
82927
82953
82979
83005
83031
83057
83083
83109
83255
83281
83307
83333
83359
83385
83411
83437
83463
83489
83515
83541
83567
83593
83619
83645
83671
83697
83723
83749
83775
83801
83827
83853
83879
83905
83931
83957
83983
84009
84035
84061
84197
84223
84249
84275
84301
84327
84353
84379
84405
84431
84457
84483
84509
84535
84561
84587
84613
84639
84665
84691
84717
84743
84769
84795
84821
84847
84873
84899
84925
84951
84977
85003
85159
85185
85211
85237
85263
85289
85315
85341
85377
85403
85429
85455
85481
85507
85533
85559
85585
85611
85637
85663
85689
85715
85741
85767
85793
85819
85845
85871
85897
85923
85949
85975
86101
86127
86153
86179
86205
86231
86257
86283
86319
86345
86371
86397
86423
86449
86475
86501
86527
86553
86579
86605
86631
86657
86683
86709
86735
86761
86787
86813
86839
86865
86891
86917
87043
87069
87095
87121
87147
87173
87199
87225
87261
87287
87313
87339
87365
87391
87417
87443
87469
87495
87521
87547
87573
87599
87625
87651
87677
87703
87729
87755
87781
87807
87833
87859
87975
88001
88027
88053
88079
88105
88131
88157
88183
88209
88235
88261
88287
88313
88339
88365
88391
88417
88443
88469
88495
88521
88547
88573
88599
88625
88651
88677
88703
88729
88755
88781
88897
88923
88949
88975
89001
89027
89053
89079
89105
89131
89157
89183
89209
89235
89261
89287
89313
89339
89365
89391
89417
89443
89469
89495
89521
89547
89573
89599
89625
89651
89677
89703
89849
89875
89901
89927
89953
89979
90005
90031
90057
90083
90109
90135
90161
90187
90213
90239
90265
90291
90317
90343
90369
90395
90421
90447
90473
90499
90525
90551
90577
90603
90629
90655
90781
90807
90833
90859
90885
90911
90937
90963
90989
91015
91041
91067
91093
91119
91145
91171
91197
91223
91249
91275
91301
91327
91353
91379
91405
91431
91457
91483
91509
91535
91561
91587
91723
91749
91775
91801
91827
91853
91879
91905
91931
91957
91983
92009
92035
92061
92087
92113
92139
92165
92191
92217
92243
92269
92295
92321
92347
92373
92399
92425
92451
92477
92503
92529
92665
92691
92717
92743
