52722
52607
52784
76852
77109
76912
77169
78271
78521
78348
78594
79634
79883
79695
79936
79748
79992
79804
80050
81324
81563
81385
81622
82451
81837
81689
81894
81751
81949
81801
82014
81852
82063
81915
82119
83257
83463
83315
83518
84251
83583
83535
83639
83588
83697
83649
83751
83702
83811
83668
83978
83741
84039
83791
84102
84944
84268
84020
84324
84081
84386
84138
84449
84194
84496
84248
84551
85598
85901
85653
85965
86680
85803
85755
85863
85816
85923
85875
85976
85916
86025
86190
86295
86269
86372
86324
86427
87564
86475
86227
86531
86282
86585
86337
86652
86398
86700
86452
86756
86762
86966
86818
87026
87652
87282
86934
87337
86990
87394
87046
87454
87099
87503
87229
87498
87297
87575
87367
87627
88328
87881
87773
87940
87831
88000
87892
88055
87934
88096
87988
88158
89363
89523
89415
89577
90084
89732
89624
89791
89685
89848
89740
89906
89779
89944
89705
90025
89787
90101
89843
90157
90786
90300
89842
90364
89906
90427
89969
90478
90007
90524
90066
90580
90152
90676
90218
90728
90251
90682
90424
90748
90493
90805
90547
90863
90595
90906
90652
90969
90713
91034
90776
91102
59249
91153
90995
91208
91064
91280
91122
91335
91165
91373
91215
91429
91317
91533
91375
91584
59823
91654
91596
91717
91661
91774
91716
91833
91768
91878
91934
92052
91998
92110
92052
92169
60287
92539
92081
92599
92138
92660
92202
92711
92256
92769
92311
92824
92383
92902
92444
92956
60861
93218
92560
93283
92627
93340
92682
93397
92731
93451
92897
93008
92960
93071
93013
93138
61325
93362
93044
93419
93105
93477
93159
93535
93203
93586
93268
93641
94641
95013
94695
95071
61899
95122
94804
95176
94865
95238
94920
95295
94970
95346
95159
95435
95232
95511
95293
95569
62363
95593
95375
95653
95419
95687
95469
95752
95528
95807
95589
95870
95677
95949
95731
96009
62937
96168
95950
96224
96000
96278
96060
96342
96105
96379
96155
96432
96232
96514
96296
96567
63401
96831
96513
96884
96579
96954
96636
97008
96682
97057
96739
97112
96838
97214
96896
97266
63975
97301
96983
97361
97038
97411
97093
97477
97151
97519
97315
97596
97388
97671
97453
97722
64439
97774
97556
97831
97607
97881
97663
97943
97711
97984
97766
98041
97857
98135
97917
98190
65013
98339
98121
98401
98174
98453
98235
98510
98294
98568
98354
98629
98416
98693
98475
98754
65477
98927
98609
98989
98666
99042
98724
99101
98769
99147
98829
99209
98927
99305
98987
99360
99036
99435
99117
99489
99197
99576
99258
99629
99302
99678
99474
99750
99546
99821
99603
99885
99646
99913
99695
99974
99744
100025
99807
100081
99853
100129
99911
100185
99985
100267
100049
100326
100093
100490
100272
100553
100339
100608
100390
100671
100452
100722
100498
100769
100559
100832
100614
100903
100664
101053
100835
101109
100896
101168
100950
101231
100998
101276
101058
101327
101155
101431
101213
101486
101253
101540
101322
101591
101379
101663
101445
101720
101492
101781
101677
101938
101732
102012
101794
102071
101833
102119
101901
102175
101961
102242
102024
102291
102066
102339
102121
102404
102205
102485
102267
102542
102308
102545
102607
102605
102671
102658
102720
102721
102783
102771
102837
102833
102905
102904
102966
102964
103008
103134
103096
103192
103154
103250
103212
103307
103256
103354
103316
103412
104703
104801
104763
104862
104800
105074
104936
105122
104999
105187
105049
105245
105099
105296
105172
105463
105236
105535
105297
105599
105355
105657
105519
105718
105594
105787
105649
105857
105676
105873
105735
105931
105844
106038
105900
106102
105918
106225
106187
106293
106251
106344
106306
106402
106355
106453
106309
106405
106380
106472
106434
106534
106481
106698
106660
106756
106719
106806
106768
106872
106823
106918
106880
106974
106977
107069
107031
107123
107080
107192
107154
107248
107205
107311
107273
107366
107317
107404
107380
107576
107442
107639
107501
107703
107552
107757
107819
107811
107874
107862
107924
107928
107971
107975
108037
108032
108118
108112
108174
108171
108229
108314
108476
108373
108529
108421
108583
108485
108644
108529
108735
108632
108675
108667
108729
108726
108780
108882
109044
108943
109103
109000
109162
109054
109213
109106
109268
109167
109389
109393
109455
109441
109500
109497
109459
109558
109514
109611
109573
109669
109615
109719
109805
109797
109859
109861
109923
109921
109981
110064
109926
110123
109982
110173
110035
110231
110076
110275
110137
110337
110222
110419
110281
110475
110325
110650
110612
110709
110677
110771
110733
110824
110777
110873
110789
110694
110860
110754
110916
110815
110967
110980
111242
111036
111306
111097
111359
111162
111405
111201
111463
111264
111554
111353
111615
111418
111667
111572
111434
111628
111499
111686
111548
111756
111596
111792
111868
111961
111941
112042
112004
112088
112048
112154
112316
112215
112385
112274
112436
112331
112479
112380
112542
112434
112621
112515
112677
112570
112720
112741
112903
112796
112960
112854
113016
112916
113060
112955
113251
113252
113333
113236
113398
113290
113449
113513
113475
113575
113546
113638
113600
113696
113641
113740
113702
113803
113832
113823
113885
113879
113938
113775
113937
113815
113986
113878
114040
113935
114097
113997
114263
114049
114351
114144
114406
114205
114452
114256
114318
114316
114388
114379
114441
114439
114481
114473
114535
114533
114637
114630
114692
114685
114736
114870
114932
114926
114985
114976
115038
115041
115082
115078
115264
115264
115322
115208
115370
115277
115425
115424
115486
115482
115538
115529
115591
115593
115639
115633
115695
115694
115805
115794
115856
115862
115909
115991
115953
116043
116016
116109
116071
116171
116125
116213
116509
116405
116469
116461
116523
116525
116571
116483
116645
116547
116703
116596
116758
116651
116809
116702
116864
116754
116951
116833
116995
116893
117055
117032
117194
117087
117247
117140
117302
117195
117350
117248
117224
117412
117296
117484
117346
117543
117399
117717
117579
117770
117636
117831
117693
117889
117741
117942
117804
118002
117900
118097
117959
118160
118010
118253
118215
118302
118260
118360
118322
118417
118365
118460
118516
118615
118590
118686
118648
118748
118692
118813
118775
118870
118825
118925
118887
118986
118886
118988
118950
119047
119053
119155
119117
119204
119178
119359
119321
119417
119384
119485
119447
119550
119493
119588
119554
119651
119606
119705
119667
119767
119735
119958
120020
120021
120080
120074
120136
120131
120181
120277
120239
120335
120365
120371
120433
120421
120471
120281
120343
120337
120400
120391
120453
120452
120511
120499
120753
120875
120843
121053
120895
121107
120917
121051
120893
121102
120949
121164
121006
121220
121061
121284
121126
121337
121199
121410
121252
121472
121317
121529
121371
121587
121416
121642
121484
121696
121527
121746
121602
121815
121666
121880
121722
121938
121757
121999
121941
122062
121990
122108
122050
122167
122088
122208
122150
122271
123567
123686
123628
123744
123676
123919
123761
123982
123821
124036
123878
124094
123923
124139
124185
124409
124273
124490
124332
124543
124373
124541
124483
124613
124549
124655
124597
124721
124647
124764
124706
124813
124791
124906
124848
124963
124900
125128
124970
125188
125031
125254
125096
125306
125136
125348
125164
125278
125239
125353
125295
125412
125346
125488
125530
125548
125587
125611
125653
125659
125694
125713
125755
125770
125844
125854
125896
125927
125949
125953
125895
126007
125951
126067
126009
126119
126054
126175
126241
126349
126299
126408
126350
126481
126397
126638
126480
126690
126539
126748
126590
126800
126639
126852
126694
126908
126913
127037
126979
127084
127026
127320
127162
127377
127210
127427
127269
127487
127317
127537
127503
127522
127563
127578
127620
127635
127665
127875
127817
127934
127865
127992
127934
128043
127981
128098
128040
128163
128150
128267
128209
128326
128257
128366
128208
128422
128259
128486
128328
128541
128367
128587
128533
128745
128600
128821
128663
128876
128712
129036
128778
129090
128836
129142
128884
129205
128933
129255
128997
129307
129068
129388
129130
129444
129181
129497
129439
129554
129490
129607
129549
129667
129594
129707
129773
129796
129850
129868
129910
129922
129957
130070
130012
130135
130077
130191
130133
130245
130174
130290
130232
130355
130323
130453
130395
130511
130437
130657
130499
130719
130560
130772
130614
130831
130667
130882
130838
130953
130904
131017
130959
131078
131015
131097
130939
131160
130998
131203
131045
131263
131089
131309
131151
131372
131234
131450
131292
131505
131345
131568
131610
131631
131665
131678
131720
131739
131764
131790
131846
131867
131919
131927
131969
131985
132005
132254
132096
132304
132165
132381
132223
132442
132266
132473
132315
132533
132447
132663
132505
132727
132551
132655
132697
132718
132752
132775
132817
132836
132868
132878
133024
133045
133098
133112
133154
133170
133198
133262
133304
133320
133359
133379
133421
133429
133457
133467
133509
133530
133619
133726
133668
133786
133716
134034
133776
134091
133833
134163
133905
134216
133944
134256
134062
134169
134137
134249
134191
134309
134239
134480
134422
134543
134487
134598
134540
134655
134589
134702
134644
134763
134738
134851
134793
134915
134848
134899
134941
134948
134985
135015
135057
135067
135094
135111
135157
135277
135224
135341
135283
135393
135334
135634
135376
135683
135430
135735
135477
135795
135522
135842
135584
135897
135666
135988
135730
136044
135770
136104
136046
136167
136113
136221
136163
136277
136213
136330
136306
136425
136377
136496
136438
136553
136480
136718
136760
136771
136815
136832
136874
136897
136924
136937
136979
136996
137078
137097
137139
137156
137187
137250
137192
137298
137241
137358
137300
137418
137354
137472
137528
137640
137594
137706
137648
137760
137699
137713
137755
137764
137807
137818
137860
137884
137915
137928
137970
137992
138056
138070
138112
138127
138163
138295
138437
138356
138499
138410
138552
138473
138591
138505
138471
138495
138551
138568
138610
138630
138655
138765
138807
138815
138869
138885
138927
138942
138965
138985
139027
139047
139119
139138
139180
139200
139223
139475
139317
139536
139380
139591
139433
139648
139484
139699
139545
139863
139617
139924
139666
139993
139725
139787
139829
139851
139883
