49505
49578
49651
49724
49797
49870
49943
50016
50089
50177
50250
50323
50396
50469
50542
50615
50688
50761
50834
50907
50980
51053
51126
51192
51395
51468
51541
51614
51687
51760
51833
51906
51979
52052
52125
52198
52271
52344
52417
52490
52563
52636
52709
52782
52855
52928
53001
53074
53147
53220
53293
53366
53439
53512
53585
53658
53841
53914
53987
54060
54133
54206
54279
54332
54405
54478
54551
54624
54697
54770
54843
54916
54989
55062
55135
55208
55281
55354
55427
55500
55573
55646
55719
55792
55865
55938
56011
56084
56267
56340
56413
56486
56559
56632
56705
56778
56851
56924
56997
57085
57158
57231
57304
57377
57450
57523
57596
57669
57742
57815
57888
57961
58034
58107
58180
58253
58326
58399
58472
58545
58728
58801
58874
58947
59020
59093
59166
59239
59312
59385
59458
59531
59604
59677
59750
59823
59896
59969
60042
60115
60188
60261
60334
60407
60480
60553
60626
60699
60772
60845
60918
60991
61174
61247
61320
61393
61466
61539
61612
61685
61758
61831
61904
61977
62050
62123
62196
62269
62342
62415
62488
62561
62634
62707
62780
62853
62926
62999
63072
63145
63218
63291
63364
63437
63620
63693
63766
63839
63912
63985
64058
64131
64204
64277
64350
64423
64496
64569
64642
64715
64788
64861
64934
65007
65080
65153
65226
65299
65372
65445
65518
65591
65664
65737
65810
65883
66066
66139
66212
66285
66358
66431
66504
66577
66650
66723
66796
66869
66942
67015
67088
67161
67234
67307
67380
67453
67526
67599
67672
67745
67818
67891
67964
68037
68110
68183
68256
68329
68512
68585
68658
68731
68804
68877
68950
69023
69096
69169
69242
69315
69388
69461
69534
69607
69680
69753
69826
69899
69972
70045
70118
70191
70264
70337
70410
70483
70556
70629
70702
70775
70958
71031
71104
71177
71250
71323
71396
71469
71542
71615
71688
71761
71834
71907
71980
72053
72126
72199
72272
72345
72418
72491
72564
72637
72710
72783
72856
72929
73002
73075
73148
73221
73404
73477
73550
73623
73696
73769
73842
73915
73988
74061
74134
74207
74280
74353
74426
74499
74572
74645
74718
74791
74864
74937
75010
75083
75156
75229
75302
75375
75448
75521
75594
75667
75850
75923
75996
76069
76142
76215
76288
76361
76434
76507
76580
76653
76726
76799
76872
76945
77018
77091
77164
77237
77310
77383
77456
77529
77602
77675
77748
77821
77894
77967
78040
78113
78296
78369
78442
78515
78588
78661
78734
78807
78880
78953
79026
79099
79172
79245
79318
79391
79464
79537
79610
79683
79756
79829
79902
79975
80048
80121
80194
80267
80340
80413
80486
80559
80742
80815
80888
80961
81034
81107
81180
81253
81326
81399
81472
81545
81618
81691
81764
81837
81910
81983
82056
82129
82202
82275
82348
82421
82494
82567
82640
82713
82786
82859
82932
83005
83188
83261
83334
83407
83480
83553
83626
83699
83772
83845
83918
83991
84064
84137
84210
84283
84356
84429
84502
84575
84648
84721
84794
84867
84940
85013
85086
85159
85232
85305
85378
85451
85634
85707
85780
85853
85926
85999
86072
86145
86218
86291
86364
86437
86510
86583
86656
86729
86806
86879
86952
87025
87098
87171
87244
87317
87390
87463
87536
87609
87682
87755
87828
87901
88084
88157
88230
88303
88376
88449
88522
88595
88668
88741
88814
88887
88960
89033
89106
89179
89252
89325
89398
89471
89544
89617
89690
89763
89836
89909
89982
90055
90128
90201
90274
90347
90530
90603
90676
90749
90822
90895
90968
91041
91114
91187
91260
91333
91406
91479
91552
91625
91698
91771
91844
91917
91990
92063
92136
92209
92282
92355
92428
92501
92574
92647
92720
92793
92976
93049
93122
93195
93268
93341
93414
93487
93560
93633
93706
93779
93852
93925
93998
94071
94144
94217
94290
94363
94436
94509
94582
94655
94728
94801
94874
94947
95020
95093
95166
95239
95422
95495
95568
95641
95714
95787
95860
95933
96006
96079
96152
96225
96298
96371
96444
96517
96590
96663
96736
96809
96882
96955
97028
97101
97174
97247
97320
97393
97466
97539
97612
97685
97868
97941
98014
98087
98160
98233
98306
98379
98452
98525
98598
98671
98744
98817
98890
98963
99036
99109
99182
99255
99328
99401
99474
99547
99620
99693
99766
99839
99912
99985
100058
100131
100314
100387
100460
100533
100606
100679
100752
100825
100898
100971
101044
101117
101190
101263
101336
101409
101482
101555
101628
101701
101774
101847
101920
101993
102066
102139
102212
102285
102358
102431
102504
102577
102760
102833
102906
102979
103052
103125
103198
103271
103344
103417
103490
103563
103636
103709
103782
103855
103928
104001
104074
104147
104220
104293
104366
104439
104512
104585
104658
104731
104804
104877
104950
105023
105206
105279
105352
105425
105498
105571
105644
105717
105790
105863
105936
106009
106082
106155
106228
106301
106374
106447
106520
106593
106666
106739
106812
106885
106958
107031
107104
107177
107250
107323
107396
107469
107652
107725
107798
107871
107944
108017
108090
108163
108236
108309
108382
108455
108528
108601
108674
108747
108820
108893
108966
109039
109112
109185
109258
109331
109404
109477
109550
109623
109696
109769
109842
109915
110098
110171
110244
110317
110390
110463
110536
110609
110682
110755
110828
110901
110974
111047
111120
111193
111266
111339
111412
111485
111558
111631
111704
111777
111850
111923
111996
112069
112142
112215
112288
112361
112544
112617
112690
112763
112836
112909
112982
113055
113128
113201
113274
113347
113420
113493
113566
113639
113712
113785
113858
113931
114004
114077
114150
114223
114296
114369
114442
114515
114588
114661
114734
114807
115000
115073
115146
115219
115292
115365
115438
115511
115584
115657
115730
115803
115876
115949
116022
116095
116168
116241
116314
116387
116460
116533
116606
116679
116752
116825
116898
116971
117044
117117
117190
117263
117446
117519
117592
117665
117738
117811
117884
117957
118030
118103
118176
118249
118322
118395
118468
118541
118614
118687
118760
118833
118906
118979
119052
119125
119198
119271
119344
119417
119490
119563
119636
119709
119892
119965
120038
120111
120184
120257
120330
120403
120476
120549
120622
120695
120768
120841
120914
120987
121060
121133
121206
121279
121352
121425
121498
121571
121644
121717
121790
121863
121936
122009
122082
122155
122328
122401
122474
122547
122620
122693
122766
122839
122912
122985
123058
123131
123204
123277
123350
123423
123496
123569
123642
123715
123788
123861
123934
124007
124080
124153
124226
124299
124372
124445
124518
124591
124774
124847
124920
124993
125066
125139
125212
125285
125358
125431
125504
125577
125650
125723
125796
125884
125957
126030
126103
126176
126249
126322
126395
126468
126541
126614
126687
126760
126833
126906
126979
127052
127235
127308
127381
127454
127527
127600
127673
127746
127819
127892
127965
128038
128111
128184
128257
128330
128403
128476
128549
128622
128695
128768
128841
128914
128987
129060
129133
129206
129279
129352
129425
129498
129691
129764
129837
129910
129983
130056
130129
130202
130275
130348
130421
130494
130567
130640
130713
130786
130859
130932
131005
131078
131151
131224
131297
131370
131443
131516
131589
131662
131735
131808
131881
131954
132147
132220
132293
132366
132439
132512
132585
132648
132721
132794
132867
132940
133013
133086
133159
133232
133305
133378
133451
133524
133597
133670
133743
133816
133889
133962
134035
134108
134181
134254
134327
134400
134603
134676
134749
134822
134895
134968
135041
135124
135197
135270
135343
135416
135489
135562
135635
135708
135781
135854
135927
136000
136073
136146
136219
136292
136365
136438
136511
136584
136657
136730
136803
136876
137049
137122
137195
137268
137341
137414
137487
137570
137643
137716
137789
137862
137935
138008
138081
138154
138227
138300
138373
138446
138519
138592
138665
138738
138811
138884
138957
139030
139103
139176
139249
139322
139495
139568
139641
139714
139787
139860
139933
140016
140089
140162
140235
140308
140381
140454
140527
140600
140673
140746
140819
140892
140965
141038
141111
141184
141257
141330
141403
141476
141549
141622
141695
141768
141941
142014
142087
142160
142233
142306
142379
142462
142535
142608
142681
142754
142827
142900
142973
143046
143119
143192
143265
143338
143411
143484
143557
143630
143703
143776
143849
143922
143995
144068
144141
144214
144387
144460
144533
144606
144679
144752
144825
144908
144981
145054
145127
145200
145273
145346
145419
145492
145565
145638
145711
145784
145857
145930
146003
146076
146149
146222
146295
146368
146441
146514
146587
146660
146823
146896
146969
147042
147115
147188
147261
147314
147387
147460
147533
147606
147679
147752
147825
147898
147971
148044
148117
148190
148263
148336
148409
148482
148555
148628
148701
148774
148847
148920
148993
149066
149249
149322
149395
149468
149541
149614
149687
149760
149833
149906
149979
150052
150125
150198
150271
150344
150417
150490
150563
150636
150709
150782
150855
150928
151001
151074
151147
151220
151293
151366
151439
151512
151695
151768
151841
151914
151987
152060
152133
152206
152279
152352
152425
152498
152571
152644
152717
152790
152863
152936
153009
153082
153155
153228
153301
153374
153447
153520
153593
153666
153739
153812
153885
153958
154141
154214
154287
154360
154433
154506
154579
154652
154725
154798
154871
154944
155017
155090
155163
155236
155309
155382
155455
155528
155601
155674
155747
155820
155893
155966
156039
156112
156185
156258
156331
156404
156597
156670
156743
156816
156889
156962
157035
157108
157181
157254
157327
157400
157473
157546
157619
157692
157765
157838
157911
157984
158057
158130
158203
158276
158349
158422
158495
158568
158641
158714
158787
158860
159043
159116
159189
159262
159335
159408
159481
159544
159617
159690
159763
159836
159909
159982
160055
160128
160201
160274
160347
160420
160493
160566
160639
160712
160785
160858
160931
161004
161077
161150
161223
161296
161479
161552
161625
161698
161771
161844
161917
161990
162063
162136
162209
162282
162355
162428
162501
162574
162647
162720
162793
162866
162939
163012
163085
163158
163231
163304
163377
163450
163523
163596
163669
163742
163925
163998
164071
164144
