49256
49739
49892
50155
50313
50582
50733
50638
50789
51086
51242
51141
51297
51204
51356
51247
51404
51699
51852
51744
51906
51804
51966
51860
52015
51936
52085
51980
52136
52040
52194
52095
52249
52546
52698
52589
52752
52658
52814
52700
52972
52892
53047
52928
53090
52989
53145
53047
53207
53128
53283
53169
53332
53230
53383
53281
53434
53347
53512
53399
53555
53455
53617
53500
53658
53976
54129
54018
54183
54082
54234
54118
54380
54309
54469
54349
54511
54412
54575
54455
54615
54542
54701
54583
54748
54657
54808
54701
54857
54757
54918
54816
54972
54882
55043
54925
55074
55019
55173
55087
55232
55141
55295
55190
55457
55358
55511
55413
55566
55462
55624
55522
55674
55591
55750
55640
55794
55709
55861
55755
55917
55822
55979
55861
56022
55928
56078
55968
56135
56453
56609
56495
56658
56561
56726
56608
56880
56791
56946
56835
56990
56882
57030
56933
57088
57024
57178
57065
57229
57121
57282
57168
57328
57243
57404
57296
57452
57354
57509
57399
57558
57497
57650
57541
57695
57591
57745
57646
57907
57821
57989
57873
58025
57924
58081
57970
58126
58058
58215
58104
58261
58149
58310
58211
58366
58271
58434
58329
58490
58385
58544
58430
58584
58530
58691
58581
58747
58643
58808
58690
58950
58872
59024
58914
59073
58964
59123
59015
59175
59089
59255
59139
59298
59207
59359
59262
59412
59317
59471
59364
59520
59428
59588
59472
59636
59571
59728
59611
59761
59669
59832
59724
59993
59902
60060
59945
60104
60005
60159
60052
60210
60133
60297
60178
60332
60239
60389
60293
60443
60353
60513
60398
60549
60456
60615
60500
60658
60994
61152
61033
61191
61104
61257
61146
61410
61321
61482
61382
61534
61433
61590
61477
61631
61567
61718
61603
61763
61668
61822
61714
61873
61787
61945
61830
61985
61890
62038
61936
62094
62032
62179
62077
62236
62134
62294
62188
62453
62351
62512
62403
62570
62467
62622
62506
62669
62595
62750
62648
62803
62700
62859
62757
62900
62816
62971
62863
63016
62918
63079
62970
63124
63068
63225
63121
63281
63177
63336
63220
63495
63392
63560
63456
63611
63509
63655
63545
63706
63633
63798
63678
63839
63742
63901
63784
63940
63855
64014
63904
64062
63965
64110
64006
64163
64097
64254
64152
64311
64216
64363
64255
64526
64438
64602
64487
64634
64546
64698
64582
64738
64666
64823
64707
64874
64769
64925
64811
64969
64882
65043
64940
65087
64999
65150
65036
65199
65159
65308
65207
65371
65257
65413
65310
65580
65491
65647
65534
65684
65592
65746
65637
65797
65725
65882
65776
65929
65827
65978
65866
66026
65944
66100
65989
66146
66044
66196
66087
66247
66185
66336
66231
66381
66290
66447
66341
66600
66513
66668
66557
66724
66621
66774
66669
66826
66753
66902
66799
66953
66853
67001
66898
67057
66972
67125
67017
67175
67076
67233
67123
67274
67224
67386
67276
67439
67328
67487
67375
67640
67558
67718
67602
67764
67657
67815
67700
67860
67789
67956
67836
68000
67884
68053
67935
68095
68006
68163
68057
68213
68114
68270
68167
68324
68253
68417
68301
68457
68362
68519
68415
68687
68601
68755
68637
68800
68701
68861
68755
68915
68835
68986
68880
69039
68931
69099
68984
69142
69061
69214
69094
69263
69149
69315
69199
69359
69705
69868
69756
69911
69813
69969
69857
70134
70055
70210
70097
70255
70155
70307
70195
70348
70281
70431
70332
70482
70385
70546
70432
70585
70503
70660
70552
70708
70605
70771
70654
70819
70746
70895
70793
70954
70857
71014
70902
71178
71085
71237
71125
71292
71199
71348
71241
71401
71317
71477
71372
71530
71418
71579
71467
71620
71541
71698
71585
71744
71637
71803
71685
71849
71796
71953
71845
72003
71899
72070
71949
72217
72130
72290
72184
72332
72240
72386
72279
72437
72356
72514
72411
72567
72462
72625
72508
72662
72582
72740
72631
72789
72693
72846
72732
72888
72823
72987
72879
73031
72934
73091
72983
73247
73158
73315
73211
73366
73266
73414
73299
73467
73386
73545
73439
73596
73491
73641
73532
73699
73615
73767
73643
73805
73715
73870
73758
73909
73881
74037
73927
74083
73980
74146
74038
74302
74216
74378
74258
74418
74311
74473
74361
74516
74445
74602
74484
74644
74543
74706
74596
74750
74667
74821
74711
74858
74771
74924
74815
74976
74906
75065
74958
75122
75007
75171
75058
75327
75236
75394
75288
75450
75346
75494
75380
75540
75466
75629
75512
75662
75577
75727
75619
75780
75691
75847
75736
75891
75793
75954
75844
75999
75940
76104
75991
76153
76047
76202
76102
76369
76280
76438
76327
76486
76377
76530
76427
76584
76510
76663
76559
76712
76617
76773
76651
76810
76729
76889
76775
76932
76841
76994
76879
77041
76975
77137
77021
77175
77080
77229
77126
77379
77287
77438
77337
77494
77387
77545
77431
77590
77519
77684
77569
77723
77613
77775
77678
77831
77742
77891
77787
77951
77848
77993
77886
78042
78008
78169
78071
78224
78118
78274
78175
78447
78348
78514
78402
78561
78447
78612
78497
78659
78583
78740
78634
78779
78674
78832
78738
78891
78801
78959
78850
79000
78904
79058
78957
79118
79044
79206
79091
79248
79156
79312
79196
79459
79376
79532
79424
79579
79480
79638
79534
79692
79605
79761
79655
79817
79709
79873
79753
79914
79828
79991
79885
80040
79932
80093
79980
80144
80082
80239
80138
80290
80190
80344
80231
80509
80428
80582
80467
80627
80522
80690
80564
80721
80648
80814
80702
80849
80749
80909
80792
80953
80862
81028
80919
81070
80970
81138
81020
81178
81117
81264
81169
81316
81215
81371
81261
81534
81453
81603
81487
81640
81539
81705
81594
81751
81672
81836
81721
81879
81792
81938
81831
81982
81898
82052
81941
82103
82001
82157
82056
82211
82152
82325
82213
82376
82271
82433
82323
82587
82505
82646
82540
82697
82599
82761
82651
82808
82729
82885
82767
82934
82833
82988
82872
83025
82950
83105
82996
83156
83043
83206
83100
83256
83188
83342
83241
83406
83312
83456
83350
83604
83526
83676
83566
83726
83629
83790
83679
83831
83758
83915
83813
83967
83857
84015
83906
84068
83987
84132
84026
84187
84080
84241
84129
84283
84234
84391
84285
84435
84338
84497
84394
84649
84560
84717
84614
84758
84671
84829
84710
84873
84793
84945
84843
85001
84900
85056
84959
85116
85013
85169
85070
85228
85125
85273
85173
85321
85255
85409
85305
85463
85370
85515
85424
85711
85607
85773
85661
85832
85718
85873
85775
85933
85839
86002
85896
86057
85950
86112
85998
86158
86065
86223
86111
86267
86169
86326
86216
86374
86731
86894
86784
86944
86838
86991
86882
87152
87065
87222
87109
87267
87171
87326
87213
87371
87290
87452
87343
87502
87404
87558
87453
87607
87516
87679
87561
87721
87627
87789
87662
87828
87753
87916
87811
87970
87855
88017
87914
88166
88078
88228
88123
88283
88189
88350
88237
88388
88313
88470
88359
88521
88419
88571
88473
88624
88539
88692
88580
88731
88644
88800
88691
88845
88786
88955
88828
88991
88891
89053
88943
89211
89121
89278
89166
89327
89224
89374
89270
89426
89354
89511
89413
89557
89458
89620
89504
89664
89588
89735
89620
89779
89677
89833
89731
89881
89811
89973
89862
90022
89924
90078
89974
90234
90146
90307
90200
90361
90250
90412
90308
90467
90386
90546
90430
90588
90483
90649
90529
90688
90607
90761
90646
90805
90698
90858
90760
90921
90867
91030
90919
91075
90969
91127
91020
91280
91205
91364
91251
91406
91299
91458
91354
91514
91436
91589
91480
91631
91533
91695
91586
91734
91663
91811
91707
91857
91760
91915
91803
91961
91905
92057
91936
92101
92006
92160
92044
92321
92237
92390
92271
92436
92329
92487
92370
92541
92460
92613
92504
92664
92565
92729
92610
92763
92682
92839
92735
92885
92788
92944
92831
92991
92933
93094
92987
93136
93038
93200
93089
93362
93268
93423
93320
93469
93368
93523
93424
93582
93494
93660
93548
93712
93605
93759
93655
93811
93721
93870
93762
93923
93830
93979
93864
94027
93967
94113
94008
94172
94070
94224
94116
94385
94293
94444
94337
94494
94391
94554
94454
94605
94528
94688
94575
94731
94639
94793
94681
94841
94746
94905
94789
94953
94840
95008
94902
95060
95020
95173
95071
95234
95135
95293
95173
95450
95362
95517
95404
95567
95470
95624
95505
95672
95598
95750
95636
95790
95694
95856
95745
95900
95809
95971
95848
96012
95915
96071
95959
96122
96053
96205
96105
96261
96156
96312
96213
96478
96379
96546
96429
96592
96493
96650
96540
96693
96611
96770
96663
96818
96720
96879
96770
96927
96839
96994
96886
97052
96935
97094
96988
97145
97094
97254
97136
97295
97185
97356
97241
97508
97430
97585
97462
97620
97529
97676
97578
97737
97657
97808
97701
97856
97753
97921
97806
97975
97874
98028
97914
98079
97988
98136
98027
98185
98128
98281
98167
98330
98229
98380
98278
98547
98454
98617
98513
98663
98567
98721
98602
98759
98694
98860
98738
98899
98799
98955
98845
99005
98914
99070
98955
99116
99028
99176
99068
99222
99175
99333
99223
99377
99291
99442
99333
99586
99504
99658
99549
99714
99610
99768
99660
99814
99737
99890
99784
99939
99847
100001
99880
100032
99957
100109
99997
100154
100055
100212
100114
100264
100194
100346
100249
100407
100310
100462
100357
100633
100524
100690
100574
100737
100632
100790
100684
100835
100758
100922
100809
100967
100868
101025
100915
101067
100981
101140
101032
101187
101088
101246
101130
101295
101241
101399
101284
101439
101341
101490
101387
101651
101569
101729
101613
101771
101671
101830
101715
101876
101797
101950
101847
102006
101904
102071
101953
102106
102018
102184
102072
