52371
54162
57147
60897
66128
72854
81678
92388
105690
121392
140200
161902
187104
215814
248638
285364
326598
372348
423220
479096
540394
607216
680384
763738
849406
941556
1040811
1146925
1260674
1382090
1511582
1648838
1794631
1949095
2112756
2285216
2467194
2659009
2860765
3079950
3302684
3535679
3780001
4035274
4301828
4580247
4870537
5173030
5488139
5815974
6156795
6510570
6877959
7258952
7654115
8073902
8497978
8937053
9390597
9858917
10344186
10843433
11359726
11891651
12440820
13006261
13588550
14188192
14805852
15440489
16093437
16785058
17475489
18184051
18912417
19658335
20425998
21211800
22017847
22844411
23691208
24559662
25449803
26359505
27291247
28244416
29220279
30238667
31259623
32303659
33371867
34461683
35572076
36710020
37873951
39059531
40268643
41507127
42765129
