55579
60336
67092
75314
85471
97036
110580
125574
142437
160763
181012
202773
226360
251586
278320
308257
338817
371057
405427
441221
478994
518390
560093
607651
652811
699502
748220
798595
851004
904887
943521
1005336
1064119
1124569
1187161
1251501
1317875
1385928
1455957
1535151
1609164
1684899
1762435
1841723
1923166
2006338
2052421
2149519
2237348
2326967
2418685
2512101
2607637
2705044
2804938
2916750
3020564
3125727
3233190
3342083
3453721
3566517
3612064
3747295
3865033
3984555
4106090
4229797
4355598
4482905
4612683
4764005
4898315
5033937
5171757
5312000
5453437
5597712
5635282
5812499
5961129
6111789
6263636
6418418
6574371
6733247
6893911
7075798
7240713
7408036
7577952
7749266
7922719
8098749
8120164
8345017
8525429
8706271
8889049
