49051
49093
49135
49177
49219
49261
49303
49345
49387
49444
49486
49528
49570
49612
49654
49696
49738
49780
49822
49864
49906
49948
49990
50015
50057
50099
50141
50183
50225
50267
50309
50351
50393
50435
50477
50519
50561
50603
50645
50687
50839
50881
50923
50965
51007
51049
51091
51133
51175
51217
51259
51301
51343
51385
51427
51469
51511
51553
51595
51637
51679
51721
51763
51805
51847
51889
51931
51973
52015
52057
52099
52141
52293
52335
52377
52419
52461
52503
52545
52587
52629
52671
52713
52755
52797
52839
52881
52923
52965
53007
53049
53091
53133
53175
53217
53259
53301
53343
53385
53442
53484
53526
53568
53610
53762
53804
53846
53888
53930
53972
54014
54056
54098
54140
54182
54224
54266
54308
54350
54392
54434
54476
54518
54560
54602
54644
54686
54728
54770
54812
54854
54896
54938
54980
55022
55064
55216
55258
55300
55342
55384
55426
55468
55510
55552
55594
55636
55678
55720
55762
55804
55846
55888
55930
55972
56014
56056
56098
56140
56182
56224
56266
56308
56350
56392
56434
56476
56518
56670
56712
56754
56796
56838
56880
56922
56964
57006
57048
57090
57132
57174
57216
57258
57300
57342
57384
57426
57468
57510
57552
57594
57636
57678
57720
57762
57804
57846
57888
57930
57972
58124
58166
58208
58250
58292
58334
58376
58418
58460
58502
58544
58586
58628
58670
58712
58754
58796
58838
58880
58922
58964
59006
59048
59090
59132
59174
59216
59258
59300
59342
59384
59426
59578
59620
59662
59704
59746
59788
59830
59872
59914
59956
59998
60040
60082
60124
60166
60208
60250
60292
60334
60376
60418
60460
60502
60544
60586
60628
60670
60712
60754
60796
60838
60880
61032
61074
61116
61158
61200
61242
61284
61326
61368
61410
61452
61494
61536
61578
61620
61662
61704
61746
61788
61830
61872
61914
61956
61998
62040
62082
62124
62166
62208
62250
62292
62334
62486
62528
62570
62612
62654
62696
62738
62780
62822
62864
62906
62948
62990
63032
63074
63116
63158
63200
63242
63284
63326
63368
63410
63452
63494
63536
63578
63620
63662
63704
63746
63788
63940
63982
64024
64066
64108
64150
64192
64234
64276
64318
64360
64402
64444
64486
64528
64570
64612
64654
64696
64738
64780
64822
64864
64906
64948
64990
65032
65074
65116
65158
65200
65242
65394
65436
65478
65520
65562
65604
65646
65688
65730
65772
65814
65856
65898
65940
65982
66024
66066
66108
66150
66192
66234
66276
66318
66360
66402
66444
66486
66528
66570
66612
66654
66696
66848
66890
66932
66974
67016
67058
67100
67142
67184
67226
67268
67310
67352
67394
67436
67478
67520
67562
67604
67646
67688
67730
67772
67814
67856
67898
67940
67982
68024
68066
68108
68150
68302
68344
68386
68428
68470
68512
68554
68596
68638
68680
68722
68764
68806
68848
68890
68932
68974
69016
69058
69100
69142
69184
69226
69268
69310
69352
69394
69436
69478
69520
69562
69604
69756
69798
69840
69882
69924
69966
70008
70050
70092
70134
70176
70218
70260
70302
70344
70386
70428
70470
70512
70554
70596
70638
70680
70722
70764
70806
70848
70890
70932
70974
71016
71058
71104
71146
71188
71230
71272
71314
71356
71398
71440
71482
71524
71566
71608
71650
71692
71734
71776
71818
71860
71902
71944
71986
72028
72070
72112
72154
72196
72238
72280
72322
72364
72406
72558
72600
72642
72684
72726
72768
72810
72852
72894
72936
72978
73020
73062
73104
73146
73188
73230
73272
73314
73356
73398
73440
73482
73524
73566
73608
73650
73692
73734
73776
73818
73860
74012
74054
74096
74138
74180
74222
74264
74306
74348
74390
74432
74474
74516
74558
74600
74642
74684
74726
74768
74810
74852
74894
74936
74978
75020
75062
75104
75146
75188
75230
75272
75314
75466
75508
75550
75592
75634
75676
75718
75760
75802
75844
75886
75928
75970
76012
76054
76096
76138
76180
76222
76264
76306
76348
76390
76432
76474
76516
76558
76600
76642
76684
76726
76768
76920
76962
77004
77046
77088
77130
77172
77214
77256
77298
77340
77382
77424
77466
77508
77550
77592
77634
77676
77718
77760
77802
77844
77886
77928
77970
78012
78054
78096
78138
78180
78222
78374
78416
78458
78500
78542
78584
78626
78668
78710
78752
78794
78836
78878
78920
78962
79004
79046
79088
79130
79172
79214
79256
79298
79340
79382
79424
79466
79508
79550
79592
79634
79676
79828
79870
79912
79954
79996
80038
80080
80122
80164
80206
80248
80290
80332
80374
80416
80458
80500
80542
80584
80626
80668
80710
80752
80794
80836
80878
80920
80962
81004
81046
81088
81130
81282
81324
81366
81408
81450
81492
81534
81576
81618
81660
81702
81744
81786
81828
81870
81912
81954
81996
82038
82080
82122
82164
82206
82248
82290
82332
82374
82416
82458
82500
82542
82584
82736
82778
82820
82862
82904
82946
82988
83030
83072
83114
83156
83198
83240
83282
83324
83366
83408
83450
83492
83534
83576
83618
83660
83702
83744
83786
83828
83870
83912
83954
83996
84038
84190
84232
84274
84316
84358
84400
84442
84484
84526
84568
84610
84652
84694
84736
84778
84820
84862
84904
84946
84988
85030
85072
85114
85156
85198
85240
85282
85324
85366
85408
85450
85492
85644
85686
85728
85770
85812
85854
85896
85938
85980
86022
86064
86106
86148
86190
86232
86274
86316
86358
86400
86442
86484
86526
86568
86610
86652
86694
86736
86778
86820
86862
86904
86946
87108
87150
87192
87234
87276
87318
87360
87392
87434
87476
87518
87560
87602
87644
87686
87728
87770
87812
87854
87896
87938
87980
88022
88064
88106
88148
88190
88232
88274
88316
88358
88400
88552
88594
88636
88678
88720
88762
88804
88846
88888
88930
88972
89014
89056
89098
89140
89182
89224
89266
89308
89350
89392
89434
89476
89518
89560
89602
89644
89686
89728
89770
89812
89854
90006
90048
90090
90132
90174
90216
90258
90300
90342
90384
90426
90468
90510
90552
90594
90636
90678
90720
90762
90804
90846
90888
90930
90972
91014
91056
91098
91140
91182
91224
91266
91308
91460
91502
91544
91586
91628
91670
91712
91754
91796
91838
91880
91922
91964
92006
92048
92090
92132
92174
92216
92258
92300
92342
92384
92426
92468
92510
92552
92594
92636
92678
92720
92762
92914
92956
92998
93040
93082
93124
93166
93208
93250
93292
93334
93376
93418
93460
93502
93544
93586
93628
93670
93712
93754
93796
93838
93880
93922
93964
94006
94048
94090
94132
94174
94231
94393
94435
94477
94519
94561
94603
94645
94687
94729
94771
94813
94855
94897
94939
94981
95023
95065
95107
95149
95191
95233
95275
95317
95359
95401
95443
95485
95527
95569
95611
95653
95695
95847
95889
95931
95973
96015
96057
96099
96141
96183
96225
96267
96309
96351
96393
96435
96477
96519
96561
96603
96645
96687
96729
96771
96813
96855
96897
96939
96981
97023
97065
97107
97149
97291
97333
97375
97417
97459
97501
97543
97585
97627
97669
97711
97753
97795
97837
97879
97921
97963
98005
98047
98089
98131
98173
98215
98257
98299
98341
98383
98425
98467
98509
98551
98593
98745
98787
98829
98871
98913
98955
98997
99039
99081
99123
99165
99207
99249
99291
99333
99375
99417
99459
99501
99543
99585
99627
99669
99711
99753
99795
99837
99879
99921
99963
100005
100047
100199
100241
100283
100325
100367
100409
100451
100493
100535
100577
100619
100661
100703
100745
100787
100829
100871
100913
100955
100997
101039
101081
101123
101165
101207
101249
101291
101333
101375
101417
101459
101501
101663
101705
101747
101789
101831
101873
101915
101957
101999
102041
102083
102125
102167
102209
102251
102293
102335
102377
102419
102461
102503
102545
102587
102629
102671
102713
102755
102797
102839
102881
102923
102965
103117
103159
103201
103243
103285
103327
103369
103411
103453
103495
103537
103579
103621
103663
103705
103747
103789
103831
103873
103915
103957
103999
104041
104083
104125
104167
104209
104251
104293
104335
104377
104419
104581
104623
104665
104707
104749
104791
104833
104875
104917
104959
105001
105043
105085
105127
105169
105211
105253
105295
105337
105379
105421
105463
105505
105547
105589
105631
105673
105715
105757
105799
105841
105883
106035
106077
106119
106161
106203
106245
106287
106329
106371
106413
106455
106497
106539
106581
106623
106665
106707
106749
106791
106833
106875
106917
106959
107001
107043
107085
107127
107169
107211
107253
107295
107337
107489
107531
107573
107615
107657
107699
107741
107783
107825
107867
107909
107951
107993
108035
108077
108119
108161
108203
108245
108287
108329
108371
108413
108455
108497
108539
108581
108623
108665
108707
108749
108791
108943
108985
109027
109069
109111
109153
109195
109237
109279
109321
109363
109405
109447
109489
109531
109573
109615
109657
109699
109741
109783
109825
109867
109909
109951
109993
110035
110077
110119
110161
110203
110245
110397
110439
110481
110523
110565
110607
110649
110691
110733
110775
110817
110859
110901
110943
110985
111027
111069
111111
111153
111195
111237
111279
111321
111363
111405
111447
111489
111531
111573
111615
111657
111699
111841
111883
111925
111967
112009
112051
112093
112135
112177
112219
112261
112303
112345
112387
112429
112471
112513
112555
112597
112639
112681
112723
112765
112807
112849
112891
112933
112975
113017
113059
113101
113143
113285
113327
113369
113411
113453
113495
113537
113579
113621
113663
113705
113747
113789
113831
113873
113915
113957
113999
114041
114083
114125
114167
114209
114251
114293
114335
114377
114419
114461
114503
114545
114587
114739
114781
114823
114865
114907
114949
114991
115033
115075
115117
115159
115201
115243
115285
115327
115369
115411
115453
115495
115537
115579
115621
115663
115705
115747
115789
115831
115873
115915
115957
115999
116041
116193
116235
116277
116319
116361
116403
116445
116487
116529
116571
116613
116655
116697
116739
116781
116823
116865
116907
116949
116991
