57728
58328
58375
58750
58793
59184
59226
59232
59274
59684
59739
59745
59787
59807
59849
59848
59897
60415
60457
60451
60498
60519
60565
60587
60631
60660
60706
60705
60752
60770
60812
60693
60850
61383
61429
61325
61372
61498
61531
61431
61584
61727
61771
61665
61709
61834
61882
61761
61924
61959
62001
61999
62044
62068
62116
62117
62160
62183
62226
62233
62279
62292
62340
62218
62375
62924
62962
62966
63016
63024
63068
62960
63098
63234
63286
63288
63344
63348
63393
63266
63424
63576
63628
63522
63565
63695
63736
63629
63668
63809
63853
63752
63790
63922
63969
63836
63888
64164
64210
64116
64165
64289
64325
64224
64375
64523
64567
64455
64500
64615
64670
64550
64593
64854
64905
64796
64835
64859
64900
64789
64841
65078
65128
65022
65066
65084
65126
65001
65051
65831
65871
65776
65816
65830
65867
65771
65947
66193
66240
66127
66167
66192
66231
66095
66158
66414
66464
66364
66405
66537
66579
66476
66517
66644
66691
66592
66631
66648
66693
66568
66725
66999
67040
66932
66992
66997
67036
66932
67100
67361
67405
67281
67330
67344
67392
67269
67306
67564
67609
67512
67555
67672
67712
67624
67670
67791
67838
67745
67785
67788
67832
67703
67853
68164
68205
68075
68124
68132
68181
68089
68238
68501
68541
68417
68466
68474
68522
68406
68453
68845
68883
68751
68802
68822
68872
68755
68793
68952
69003
68872
68921
68952
68992
68849
69014
69288
69331
69224
69272
69285
69320
69226
69377
69621
69671
69561
69607
69616
69669
69545
69604
69961
70008
69907
69952
69969
70015
69901
69939
70085
70139
70014
70060
70075
70112
70000
70053
70966
71007
70896
70938
70956
70999
70896
71053
71171
71218
71123
71176
71186
71228
71096
71264
71525
71578
71459
71498
71511
71560
71462
71505
71620
71668
71576
71622
71644
71677
71550
71723
72088
72142
72049
72093
72100
72142
72034
72188
72331
72376
72260
72310
72322
72369
72253
72412
72662
72699
72612
72652
72665
72726
72596
72639
72794
72842
72717
72761
72769
72814
72712
72849
73263
73307
73189
73236
73256
73304
73208
73357
73470
73523
73435
73477
73489
73538
73403
73573
73829
73869
73767
73816
73831
73878
73765
73806
73933
73982
73878
73930
73946
73988
73865
74018
74402
74443
74342
74402
74395
74442
74348
74497
74618
74668
74562
74599
74629
74680
74546
74702
74965
75002
74892
74944
74972
75009
74897
74945
75076
75115
75016
75059
75069
75116
75001
75162
75575
75617
75511
75551
75569
75608
75507
75664
75806
75838
75741
75783
75793
75843
75726
75888
76133
76182
76079
76131
76139
76173
76075
76113
76256
76294
76190
76239
76254
76300
76172
76336
76719
76758
76655
76702
76706
76766
76652
76805
76941
76985
76886
76923
76943
76987
76870
77030
77291
77329
77209
77261
77278
77330
77222
77258
77391
77446
77340
77382
77398
77448
77321
77483
77877
77923
77809
77859
77878
77918
77815
77965
78103
78149
78037
78082
78093
78139
78021
78182
78435
78476
78378
78418
78443
78482
78386
78427
78548
78605
78502
78539
78562
78607
78476
78634
79016
79068
78950
78995
79015
79064
78954
78992
79129
79175
79071
79116
79127
79172
79058
79222
79468
79512
79404
79455
79466
79506
79401
79448
79587
79622
79515
79560
79583
79625
79502
79548
80579
80621
80520
80560
80577
80619
80524
80667
80799
80839
80745
80797
80805
80853
80726
80771
81140
81186
81077
81123
81139
81186
81079
81122
81268
81314
81205
81247
81250
81297
81172
81225
81728
81761
81653
81706
81719
81761
81661
81814
81948
81992
81887
81934
81950
81997
81865
81916
82181
82217
82120
82160
82170
82218
82110
82161
82293
82340
82232
82277
82293
82342
82220
82370
82869
82933
82817
82865
82876
82922
82818
82964
83098
83147
83044
83084
83101
83151
83033
83083
83449
83493
83388
83434
83444
83489
83384
83424
83572
83615
83502
83550
83564
83603
83491
83539
84013
84062
83963
84003
84025
84069
83955
84130
84283
84314
84210
84260
84270
84318
84200
84243
84494
84539
84436
84489
84505
84554
84439
84484
84622
84666
84547
84601
84608
84649
84538
84699
85205
85262
85153
85200
85220
85264
85155
85304
85437
85485
85368
85421
85441
85491
85358
85410
85782
85830
85721
85758
85783
85829
85711
85762
85902
85948
85846
85889
85902
85945
85811
85867
86360
86410
86297
86337
86361
86407
86291
86465
86597
86637
86538
86582
86600
86642
86533
86583
86828
86879
86775
86820
86840
86880
86770
86817
86955
86998
86895
86934
86950
86994
86870
87032
87531
87587
87475
87519
87531
87567
87470
87615
87748
87790
87692
87737
87751
87801
87693
87735
88106
88145
88044
88090
88104
88148
88043
88084
88222
88267
88160
88204
88222
88269
88145
88191
88679
88724
88623
88667
88681
88715
88625
88762
88899
88945
88840
88884
88905
88942
88831
88875
89135
89178
89078
89117
89129
89175
89059
89115
89256
89290
89185
89233
89248
89292
89172
89334
89861
89909
89804
89847
89860
89916
89813
89950
90089
90133
90023
90078
90082
90129
90019
90184
90430
90476
90372
90416
90427
90473
90374
90414
90551
90595
90484
90526
90542
90594
90474
90524
91005
91048
90949
90996
91016
91054
90945
91084
91218
91263
91164
91201
91215
91260
91137
91176
91451
91495
91384
91431
91444
91488
91382
91430
91569
91614
91502
91550
91556
91602
91481
91644
92156
92195
92088
92133
92145
92187
92076
92207
92348
92397
92291
92343
92361
92399
92271
92431
92702
92739
92632
92673
92693
92726
92634
92678
92811
92850
92743
92795
92819
92856
92730
92788
93268
93325
93213
93254
93270
93300
93209
93364
93513
93557
93441
93473
93499
93533
93413
93460
93738
93778
93659
93709
93730
93768
93662
93707
93836
93881
93780
93816
93847
93887
93763
93922
94444
94498
94388
94432
94451
94488
94395
94552
94674
94727
94620
94663
94674
94722
94583
94756
95018
95063
94963
95000
95015
95064
94948
94995
95134
95171
95074
95112
95125
95169
95049
95099
95589
95641
95539
95587
95599
95636
95537
95695
95827
95869
95769
95806
95817
95860
95742
95792
96046
96083
95982
96031
96045
96091
95988
96034
96163
96213
96109
96148
96158
96204
96092
96250
96744
96782
96691
96733
96754
96795
96690
96835
96985
97029
96914
96957
96967
97007
96903
97173
97333
97378
97264
97314
97327
97376
97374
97411
97450
97492
97492
97535
97546
97585
97373
97429
97795
97844
97728
97782
97788
97834
97744
97902
98035
98086
97974
98021
98044
98080
97972
98116
98391
98437
98324
98358
98368
98413
98313
98357
98491
98531
98437
98468
98484
98527
98412
98473
99609
99643
99558
99604
99605
99650
99543
99708
99839
99870
99786
99825
99844
99884
99773
99824
100071
100118
100012
100054
100081
100123
100016
100068
100205
100232
100141
100191
100189
100235
100113
100280
100647
100688
100592
100641
100646
100685
100601
100726
100879
100915
100810
100850
100873
100916
100795
100941
101202
101245
101137
101179
101197
101248
101141
101182
101320
101368
101248
101300
101310
101363
101238
101293
101907
101943
101839
101885
101894
101940
101835
101986
102120
102165
102059
102109
102127
102170
102045
102112
102358
102402
102310
102354
102366
102422
102310
102362
102496
102530
102429
102478
102491
102525
102405
102573
102945
102992
102876
102926
102943
102990
102889
103046
103171
103211
103114
103160
103174
103220
103070
103135
103420
103461
103358
103402
103421
103458
103347
103393
103529
103574
103454
103505
103517
103557
103435
103594
104226
104268
104168
104211
104226
104266
104163
104335
104478
104519
104404
104445
104474
104518
104410
104513
104772
104811
104703
104756
104769
104814
104702
104754
104886
104917
104830
104870
104897
104938
104790
104977
105364
105402
105310
105357
105372
105403
105298
105489
105610
105653
105562
105600
105613
105661
105543
105648
106024
106072
105949
105996
106017
106062
105848
105901
106137
106176
105974
106009
106030
106068
105945
105969
106579
106629
106518
106565
106591
106613
106535
106656
106826
106871
106751
106784
106801
106849
106732
106777
107024
107077
106986
107022
107043
107091
106986
107025
107159
107197
107105
107150
107159
107204
107063
107219
107609
107648
107556
107604
107613
107664
107541
107688
107830
107881
107770
107819
107816
107862
107745
107802
108035
108086
107974
108022
108041
108086
108000
108050
108162
108205
108115
108149
108173
108217
108084
108254
108882
108922
108835
108877
108902
108938
108822
108973
109122
109166
109057
109086
109109
109164
109039
109080
109325
109370
109269
109308
109337
109373
109271
109323
109442
109488
109386
109437
109435
109488
109354
109535
109936
109984
109887
109928
109950
109988
109880
110032
110166
110214
110110
110168
110176
110207
110095
110283
110534
110570
110462
110500
110525
110563
110467
110520
110644
110678
110586
110623
110649
110694
110572
110591
111224
111269
111158
111204
111213
111250
111162
111316
111444
111481
111400
111450
111454
111506
111351
111437
111701
111746
111646
111676
111694
111746
111633
111680
111820
111854
111758
111795
111808
111852
111730
111864
112263
112309
112167
112217
112224
112260
112175
112353
112480
112527
112421
112467
112501
112531
112388
112390
112672
112713
112584
112630
112665
112704
112585
112635
112782
112822
112708
112751
112771
112823
112708
112861
113476
113530
113440
113489
113503
113537
113435
113533
113688
113723
113609
113653
113678
113705
113596
113673
113940
113976
113871
113911
113924
113983
113877
113927
114059
114090
114001
114051
114064
114109
113961
114124
114508
114552
114438
114483
114499
114542
114433
114584
114749
114791
114668
114713
114730
114784
114634
114796
115065
115117
115003
115046
115055
115087
114983
115039
115175
115209
115114
115158
115167
115209
115092
115136
115754
115793
115700
115747
115762
115802
115683
115839
115987
116038
115922
115952
115970
116021
115912
115960
116207
116251
116137
116176
116193
116245
116139
116183
116318
116368
116274
